 #   t                        x                            y
   0.00000000       0.0000000000000000        0.0000000000000000     
   1.00000000       866.15806818008423        494.87013468742373     
   2.00000000       1732.3161363601685        979.94026937484739     
   3.00000000       2598.4742045402527        1455.2104040622710     
   4.00000000       3464.6322727203369        1920.6805387496945     
   5.00000000       4330.7903409004211        2376.3506734371181     
   6.00000000       5196.9484090805054        2822.2208081245417     
   7.00000000       6063.1064772605896        3258.2909428119651     
   8.00000000       6929.2645454406738        3684.5610774993888     
   9.00000000       7795.4226136207581        4101.0312121868128     
   10.0000000       8661.5806818008423        4507.7013468742371     
   11.0000000       9527.7387499809265        4904.5714815616611     
   12.0000000       10393.896818161011        5291.6416162490850     
   13.0000000       11260.054886341095        5668.9117509365087     
   14.0000000       12126.212954521179        6036.3818856239322     
   15.0000000       12992.371022701263        6394.0520203113565     
   16.0000000       13858.529090881348        6741.9221549987806     
   17.0000000       14724.687159061432        7079.9922896862045     
   18.0000000       15590.845227241516        7408.2624243736282     
   19.0000000       16457.003295421600        7726.7325590610517     
   20.0000000       17323.161363601685        8035.4026937484759     
   21.0000000       18189.319431781769        8334.2728284359000     
   22.0000000       19055.477499961853        8623.3429631233230     
   23.0000000       19921.635568141937        8902.6130978107467     
   24.0000000       20787.793636322021        9172.0832324981711     
   25.0000000       21653.951704502106        9431.7533671855945     
   26.0000000       22520.109772682190        9681.6235018730185     
   27.0000000       23386.267840862274        9921.6936365604415     
   28.0000000       24252.425909042358        10151.963771247865     
   29.0000000       25118.583977222443        10372.433905935290     
   30.0000000       25984.742045402527        10583.104040622713     
   31.0000000       26850.900113582611        10783.974175310137     
   32.0000000       27717.058181762695        10975.044309997560     
   33.0000000       28583.216249942780        11156.314444684984     
   34.0000000       29449.374318122864        11327.784579372408     
   35.0000000       30315.532386302948        11489.454714059832     
   36.0000000       31181.690454483032        11641.324848747256     
   37.0000000       32047.848522663116        11783.394983434679     
   38.0000000       32914.006590843201        11915.665118122102     
   39.0000000       33780.164659023285        12038.135252809527     
   40.0000000       34646.322727203369        12150.805387496950     
   41.0000000       35512.480795383453        12253.675522184374     
   42.0000000       36378.638863563538        12346.745656871797     
   43.0000000       37244.796931743622        12430.015791559221     
   44.0000000       38110.954999923706        12503.485926246645     
   45.0000000       38977.113068103790        12567.156060934069     
   46.0000000       39843.271136283875        12621.026195621493     
   47.0000000       40709.429204463959        12665.096330308916     
   48.0000000       41575.587272644043        12699.366464996339     
   49.0000000       42441.745340824127        12723.836599683764     
   50.0000000       43307.903409004211        12738.506734371187     
   51.0000000       44174.061477184296        12743.376869058611     
   52.0000000       45040.219545364380        12738.447003746034     
   53.0000000       45906.377613544464        12723.717138433458     
   54.0000000       46772.535681724548        12699.187273120882     
   55.0000000       47638.693749904633        12664.857407808306     
   56.0000000       48504.851818084717        12620.727542495730     
   57.0000000       49371.009886264801        12566.797677183153     
   58.0000000       50237.167954444885        12503.067811870576     
   59.0000000       51103.326022624969        12429.537946558001     
   60.0000000       51969.484090805054        12346.208081245424     
   61.0000000       52835.642158985138        12253.078215932848     
   62.0000000       53701.800227165222        12150.148350620271     
   63.0000000       54567.958295345306        12037.418485307695     
   64.0000000       55434.116363525391        11914.888619995119     
   65.0000000       56300.274431705475        11782.558754682543     
   66.0000000       57166.432499885559        11640.428889369967     
   67.0000000       58032.590568065643        11488.499024057390     
   68.0000000       58898.748636245728        11326.769158744813     
   69.0000000       59764.906704425812        11155.239293432238     
   70.0000000       60631.064772605896        10973.909428119661     
   71.0000000       61497.222840785980        10782.779562807085     
   72.0000000       62363.380908966064        10581.849697494508     
   73.0000000       63229.538977146149        10371.119832181932     
   74.0000000       64095.697045326233        10150.589966869356     
   75.0000000       64961.855113506317        9920.2601015567798     
   76.0000000       65828.013181686401        9680.1302362442038     
   77.0000000       66694.171249866486        9430.2003709316268     
   78.0000000       67560.329318046570        9170.4705056190505     
   79.0000000       68426.487386226654        8900.9406403064750     
   80.0000000       69292.645454406738        8621.6107749938983     
   81.0000000       70158.803522586823        8332.4809096813224     
   82.0000000       71024.961590766907        8033.5510443687463     
   83.0000000       71891.119658946991        7724.8211790561700     
   84.0000000       72757.277727127075        7406.2913137435935     
   85.0000000       73623.435795307159        7077.9614484310168     
   86.0000000       74489.593863487244        6739.8315831184400     
   87.0000000       75355.751931667328        6391.9017178058639     
   88.0000000       76221.909999847412        6034.1718524932876     
   89.0000000       77088.068068027496        5666.6419871807111     
   90.0000000       77954.226136207581        5289.3121218681345     
   91.0000000       78820.384204387665        4902.1822565555576     
   92.0000000       79686.542272567749        4505.2523912429806     
   93.0000000       80552.700340747833        4098.5225259304043     
   94.0000000       81418.858408927917        3681.9926606178274     
   95.0000000       82285.016477108002        3255.6627953052503     
   96.0000000       83151.174545288086        2819.5329299926730     
   97.0000000       84017.332613468170        2373.6030646800959     
   98.0000000       84883.490681648254        1917.8731993675187     
   99.0000000       85749.648749828339        1452.3433340549416     
   100.000000       86615.806818008423        977.01346874236458     
   101.000000       87481.964886188507        491.88360342978757     
