 #   t                       Vx                         Vy
   0.00000000       866.15806818008423        499.77013468742371     
   1.00000000       866.15806818008423        489.97013468742369     
   2.00000000       866.15806818008423        480.17013468742368     
   3.00000000       866.15806818008423        470.37013468742367     
   4.00000000       866.15806818008423        460.57013468742366     
   5.00000000       866.15806818008423        450.77013468742365     
   6.00000000       866.15806818008423        440.97013468742364     
   7.00000000       866.15806818008423        431.17013468742363     
   8.00000000       866.15806818008423        421.37013468742362     
   9.00000000       866.15806818008423        411.57013468742360     
   10.0000000       866.15806818008423        401.77013468742359     
   11.0000000       866.15806818008423        391.97013468742358     
   12.0000000       866.15806818008423        382.17013468742357     
   13.0000000       866.15806818008423        372.37013468742356     
   14.0000000       866.15806818008423        362.57013468742355     
   15.0000000       866.15806818008423        352.77013468742354     
   16.0000000       866.15806818008423        342.97013468742352     
   17.0000000       866.15806818008423        333.17013468742351     
   18.0000000       866.15806818008423        323.37013468742350     
   19.0000000       866.15806818008423        313.57013468742349     
   20.0000000       866.15806818008423        303.77013468742348     
   21.0000000       866.15806818008423        293.97013468742347     
   22.0000000       866.15806818008423        284.17013468742346     
   23.0000000       866.15806818008423        274.37013468742344     
   24.0000000       866.15806818008423        264.57013468742343     
   25.0000000       866.15806818008423        254.77013468742342     
   26.0000000       866.15806818008423        244.97013468742341     
   27.0000000       866.15806818008423        235.17013468742340     
   28.0000000       866.15806818008423        225.37013468742339     
   29.0000000       866.15806818008423        215.57013468742338     
   30.0000000       866.15806818008423        205.77013468742336     
   31.0000000       866.15806818008423        195.97013468742335     
   32.0000000       866.15806818008423        186.17013468742334     
   33.0000000       866.15806818008423        176.37013468742333     
   34.0000000       866.15806818008423        166.57013468742332     
   35.0000000       866.15806818008423        156.77013468742331     
   36.0000000       866.15806818008423        146.97013468742330     
   37.0000000       866.15806818008423        137.17013468742329     
   38.0000000       866.15806818008423        127.37013468742329     
   39.0000000       866.15806818008423        117.57013468742329     
   40.0000000       866.15806818008423        107.77013468742329     
   41.0000000       866.15806818008423        97.970134687423297     
   42.0000000       866.15806818008423        88.170134687423300     
   43.0000000       866.15806818008423        78.370134687423302     
   44.0000000       866.15806818008423        68.570134687423305     
   45.0000000       866.15806818008423        58.770134687423308     
   46.0000000       866.15806818008423        48.970134687423311     
   47.0000000       866.15806818008423        39.170134687423314     
   48.0000000       866.15806818008423        29.370134687423313     
   49.0000000       866.15806818008423        19.570134687423312     
   50.0000000       866.15806818008423        9.7701346874233117     
   51.0000000       866.15806818008423       -2.9865312576689007E-002
   52.0000000       866.15806818008423       -9.8298653125766897     
   53.0000000       866.15806818008423       -19.629865312576690     
   54.0000000       866.15806818008423       -29.429865312576691     
   55.0000000       866.15806818008423       -39.229865312576692     
   56.0000000       866.15806818008423       -49.029865312576689     
   57.0000000       866.15806818008423       -58.829865312576686     
   58.0000000       866.15806818008423       -68.629865312576683     
   59.0000000       866.15806818008423       -78.429865312576680     
   60.0000000       866.15806818008423       -88.229865312576678     
   61.0000000       866.15806818008423       -98.029865312576675     
   62.0000000       866.15806818008423       -107.82986531257667     
   63.0000000       866.15806818008423       -117.62986531257667     
   64.0000000       866.15806818008423       -127.42986531257667     
   65.0000000       866.15806818008423       -137.22986531257666     
   66.0000000       866.15806818008423       -147.02986531257667     
   67.0000000       866.15806818008423       -156.82986531257669     
   68.0000000       866.15806818008423       -166.62986531257670     
   69.0000000       866.15806818008423       -176.42986531257671     
   70.0000000       866.15806818008423       -186.22986531257672     
   71.0000000       866.15806818008423       -196.02986531257673     
   72.0000000       866.15806818008423       -205.82986531257674     
   73.0000000       866.15806818008423       -215.62986531257675     
   74.0000000       866.15806818008423       -225.42986531257677     
   75.0000000       866.15806818008423       -235.22986531257678     
   76.0000000       866.15806818008423       -245.02986531257679     
   77.0000000       866.15806818008423       -254.82986531257680     
   78.0000000       866.15806818008423       -264.62986531257678     
   79.0000000       866.15806818008423       -274.42986531257679     
   80.0000000       866.15806818008423       -284.22986531257681     
   81.0000000       866.15806818008423       -294.02986531257682     
   82.0000000       866.15806818008423       -303.82986531257683     
   83.0000000       866.15806818008423       -313.62986531257684     
   84.0000000       866.15806818008423       -323.42986531257685     
   85.0000000       866.15806818008423       -333.22986531257686     
   86.0000000       866.15806818008423       -343.02986531257687     
   87.0000000       866.15806818008423       -352.82986531257689     
   88.0000000       866.15806818008423       -362.62986531257690     
   89.0000000       866.15806818008423       -372.42986531257691     
   90.0000000       866.15806818008423       -382.22986531257692     
   91.0000000       866.15806818008423       -392.02986531257693     
   92.0000000       866.15806818008423       -401.82986531257694     
   93.0000000       866.15806818008423       -411.62986531257695     
   94.0000000       866.15806818008423       -421.42986531257696     
   95.0000000       866.15806818008423       -431.22986531257698     
   96.0000000       866.15806818008423       -441.02986531257699     
   97.0000000       866.15806818008423       -450.82986531257700     
   98.0000000       866.15806818008423       -460.62986531257701     
   99.0000000       866.15806818008423       -470.42986531257702     
   100.000000       866.15806818008423       -480.22986531257703     
   101.000000       866.15806818008423       -490.02986531257704     
