 #   time                Position                 Velocity
   0.00000000       1000.0000000000000        0.0000000000000000     
  0.100000001       999.95099999653178      -0.98000001460313801     
  0.200000003       999.80399999014298       -1.9600000292062760     
  0.300000012       999.55899998083351       -2.9400000438094143     
  0.400000006       999.21599996860346       -3.9200000584125521     
  0.500000000       998.77499995345272       -4.9000000730156898     
  0.600000024       998.23599993538141       -5.8800000876188276     
  0.700000048       997.59899991438942       -6.8600001022219654     
  0.800000072       996.86399989047686       -7.8400001168251032     
  0.900000095       996.03099986364361       -8.8200001314282410     
   1.00000012       995.09999983388980       -9.8000001460313797     
   1.10000014       994.07099980121529       -10.780000160634518     
   1.20000017       992.94399976562022       -11.760000175237657     
   1.30000019       991.71899972710446       -12.740000189840796     
   1.40000021       990.39599968566813       -13.720000204443934     
   1.50000024       988.97499964131111       -14.700000219047073     
   1.60000026       987.45599959403353       -15.680000233650212     
   1.70000029       985.83899954383526       -16.660000248253350     
   1.80000031       984.12399949071641       -17.640000262856489     
   1.90000033       982.31099943467689       -18.620000277459628     
   2.00000024       980.39999937571679       -19.600000292062767     
   2.10000014       978.39099931383601       -20.580000306665905     
   2.20000005       976.28399924903465       -21.560000321269044     
   2.29999995       974.07899918131261       -22.540000335872183     
   2.39999986       971.77599911067000       -23.520000350475321     
   2.49999976       969.37499903710670       -24.500000365078460     
   2.59999967       966.87599896062284       -25.480000379681599     
   2.69999957       964.27899888121829       -26.460000394284737     
   2.79999948       961.58399879889316       -27.440000408887876     
   2.89999938       958.79099871364735       -28.420000423491015     
   2.99999928       955.89999862548098       -29.400000438094153     
   3.09999919       952.91099853439391       -30.380000452697292     
   3.19999909       949.82399844038628       -31.360000467300431     
   3.29999900       946.63899834345796       -32.340000481903566     
   3.39999890       943.35599824360906       -33.320000496506701     
   3.49999881       939.97499814083949       -34.300000511109836     
   3.59999871       936.49599803514934       -35.280000525712971     
   3.69999862       932.91899792653851       -36.260000540316106     
   3.79999852       929.24399781500711       -37.240000554919241     
   3.89999843       925.47099770055502       -38.220000569522377     
   3.99999833       921.59999758318236       -39.200000584125512     
   4.09999847       917.63099746288901       -40.180000598728647     
   4.19999838       913.56399733967510       -41.160000613331782     
   4.29999828       909.39899721354050       -42.140000627934917     
   4.39999819       905.13599708448533       -43.120000642538052     
   4.49999809       900.77499695250947       -44.100000657141187     
   4.59999800       896.31599681761304       -45.080000671744322     
   4.69999790       891.75899667979593       -46.060000686347458     
   4.79999781       887.10399653905824       -47.040000700950593     
   4.89999771       882.35099639539987       -48.020000715553728     
   4.99999762       877.49999624882093       -49.000000730156863     
   5.09999752       872.55099609932131       -49.980000744759998     
   5.19999743       867.50399594690111       -50.960000759363133     
   5.29999733       862.35899579156023       -51.940000773966268     
   5.39999723       857.11599563329878       -52.920000788569403     
   5.49999714       851.77499547211664       -53.900000803172539     
   5.59999704       846.33599530801393       -54.880000817775674     
   5.69999695       840.79899514099054       -55.860000832378809     
   5.79999685       835.16399497104658       -56.840000846981944     
   5.89999676       829.43099479818193       -57.820000861585079     
   5.99999666       823.59999462239671       -58.800000876188214     
   6.09999657       817.67099444369080       -59.780000890791349     
   6.19999647       811.64399426206433       -60.760000905394485     
   6.29999638       805.51899407751716       -61.740000919997620     
   6.39999628       799.29599389004943       -62.720000934600755     
   6.49999619       792.97499369966101       -63.700000949203890     
   6.59999609       786.55599350635202       -64.680000963807032     
   6.69999599       780.03899331012235       -65.660000978410167     
   6.79999590       773.42399311097211       -66.640000993013302     
   6.89999580       766.71099290890118       -67.620001007616438     
   6.99999571       759.89999270390967       -68.600001022219573     
   7.09999561       752.99099249599749       -69.580001036822708     
   7.19999552       745.98399228516473       -70.560001051425843     
   7.29999542       738.87899207141129       -71.540001066028978     
   7.39999533       731.67599185473728       -72.520001080632113     
   7.49999523       724.37499163514258       -73.500001095235248     
   7.59999514       716.97599141262731       -74.480001109838383     
   7.69999504       709.47899118719135       -75.460001124441519     
   7.79999495       701.88399095883483       -76.440001139044654     
   7.89999485       694.19099072755762       -77.420001153647789     
   7.99999475       686.39999049335984       -78.400001168250924     
   8.09999466       678.51099025624137       -79.380001182854059     
   8.19999504       670.52399001620233       -80.360001197457194     
   8.29999542       662.43898977324261       -81.340001212060329     
   8.39999580       654.25598952736232       -82.320001226663464     
   8.49999619       645.97498927856134       -83.300001241266600     
   8.59999657       637.59598902683979       -84.280001255869735     
   8.69999695       629.11898877219755       -85.260001270472870     
   8.79999733       620.54398851463475       -86.240001285076005     
   8.89999771       611.87098825415126       -87.220001299679140     
   8.99999809       603.09998799074719       -88.200001314282275     
   9.09999847       594.23098772442245       -89.180001328885410     
   9.19999886       585.26398745517713       -90.160001343488545     
   9.29999924       576.19898718301113       -91.140001358091681     
   9.39999962       567.03598690792455       -92.120001372694816     
   9.50000000       557.77498662991741       -93.100001387297951     
   9.60000038       548.41598634898958       -94.080001401901086     
   9.70000076       538.95898606514118       -95.060001416504221     
   9.80000114       529.40398577837209       -96.040001431107356     
   9.90000153       519.75098548868243       -97.020001445710491     
   10.0000019       509.99998519607209       -98.000001460313626     
   10.1000023       500.15098490054112       -98.980001474916762     
   10.2000027       490.20398460208952       -99.960001489519897     
   10.3000031       480.15898430071729       -100.94000150412303     
   10.4000034       470.01598399642444       -101.92000151872617     
   10.5000038       459.77498368921096       -102.90000153332930     
   10.6000042       449.43598337907684       -103.88000154793244     
   10.7000046       438.99898306602211       -104.86000156253557     
   10.8000050       428.46398275004674       -105.84000157713871     
   10.9000053       417.83098243115074       -106.82000159174184     
   11.0000057       407.09998210933412       -107.80000160634498     
   11.1000061       396.27098178459687       -108.78000162094811     
   11.2000065       385.34398145693899       -109.76000163555125     
   11.3000069       374.31898112636048       -110.74000165015438     
   11.4000072       363.19598079286135       -111.72000166475752     
   11.5000076       351.97498045644159       -112.70000167936065     
   11.6000080       340.65598011710119       -113.68000169396379     
   11.7000084       329.23897977484017       -114.66000170856692     
   11.8000088       317.72397942965853       -115.64000172317006     
   11.9000092       306.11097908155625       -116.62000173777319     
   12.0000095       294.39997873053335       -117.60000175237633     
   12.1000099       282.59097837658982       -118.58000176697946     
   12.2000103       270.68397801972566       -119.56000178158260     
   12.3000107       258.67897765994087       -120.54000179618573     
   12.4000111       246.57597729723545       -121.52000181078887     
   12.5000114       234.37497693160941       -122.50000182539200     
   12.6000118       222.07597656306274       -123.48000183999514     
   12.7000122       209.67897619159544       -124.46000185459827     
   12.8000126       197.18397581720751       -125.44000186920141     
   12.9000130       184.59097543989895       -126.42000188380455     
   13.0000134       171.89997505966977       -127.40000189840768     
   13.1000137       159.11097467651996       -128.38000191301083     
   13.2000141       146.22397429044952       -129.36000192761398     
   13.3000145       133.23897390145845       -130.34000194221713     
   13.4000149       120.15597350954675       -131.32000195682028     
   13.5000153       106.97497311471443       -132.30000197142343     
   13.6000156       93.695972716961478       -133.28000198602658     
   13.7000160       80.318972316287898       -134.26000200062973     
   13.8000164       66.843971912693675       -135.24000201523288     
   13.9000168       53.270971506178839       -136.22000202983602     
   14.0000172       39.599971096743374       -137.20000204443917     
   14.1000175       25.830970684387278       -138.18000205904232     
   14.2000179       11.963970269110552       -139.16000207364547     
