 #   t                  x                         y
   0.00000000       1.0000000000000000        0.0000000000000000     
   9.99999978E-03   1.0029499999342080        6.9999998435378071E-003
   1.99999996E-02   1.0057997048729033        1.3999299687115748E-002
   2.99999993E-02   1.0085488298456047        2.0997199600780756E-002
   3.99999991E-02   1.0111970999398272        2.7992999794572749E-002
   4.99999970E-02   1.0137442503285738        3.4986000688503625E-002
   5.99999949E-02   1.0161900262968169        4.1975502982515248E-002
   6.99999928E-02   1.0185341832669705        4.8960807726409469E-002
   7.99999908E-02   1.0207764868233484        5.5941216389743136E-002
   8.99999887E-02   1.0229167127356049        6.2916030931681119E-002
   9.99999866E-02   1.0249546469811588        6.9884553870800406E-002
  0.109999985       1.0268900857665944        7.6846088354838249E-002
  0.119999982       1.0287228355480420        8.3799938230377360E-002
  0.129999980       1.0304527130505317        9.0745408112461304E-002
  0.139999986       1.0320795452863212        9.7681803454132909E-002
  0.149999991       1.0336031695721943       0.10460843061588902     
  0.159999996       1.0350234335457291       0.11152459693504446     
  0.170000002       1.0363401951805349       0.11842961079499822     
  0.180000007       1.0375533228004541       0.12532278169439520     
  0.190000013       1.0386626950927305       0.13220342031617627     
  0.200000018       1.0396682011201395       0.13907083859651001     
  0.210000023       1.0405697403320833       0.14592434979359914     
  0.220000029       1.0413672225746449       0.15276326855635458     
  0.230000034       1.0420605680996033       0.15958691099293063     
  0.240000039       1.0426497075724095       0.16639459473911417     
  0.250000030       1.0431345820791189       0.17318563902656103     
  0.260000020       1.0435151431322831       0.17995936475087282     
  0.270000011       1.0437913526757987       0.18671509453950741     
  0.280000001       1.0439631830887124       0.19345215281951617     
  0.289999992       1.0440306171879838       0.20016986588510124     
  0.299999982       1.0439936482302037       0.20686756196498610     
  0.309999973       1.0438522799122676       0.21354457128959273     
  0.319999963       1.0436065263710068       0.22020022615801851     
  0.329999954       1.0432564121817745       0.22683386100480640     
  0.339999944       1.0428019723559880       0.23344481246650137     
  0.349999934       1.0422432523376282       0.24003241944798684     
  0.359999925       1.0415803079986943       0.24659602318859414     
  0.369999915       1.0408132056336172       0.25313496732797858     
  0.379999906       1.0399420219526305       0.25964859797175543     
  0.389999896       1.0389668440740982       0.26613626375688954     
  0.399999887       1.0378877695158040       0.27259731591683140     
  0.409999877       1.0367049061851989       0.27903110834639389     
  0.419999868       1.0354183723686110       0.28543699766636282     
  0.429999858       1.0340282967194161       0.29181434328783490     
  0.439999849       1.0325348182451730       0.29816250747627648     
  0.449999839       1.0309380862937227       0.30448085541529718     
  0.459999830       1.0292382605382533       0.31076875527013131     
  0.469999820       1.0274355109613327       0.31702557825082162     
  0.479999810       1.0255300178379108       0.32325069867509792     
  0.489999801       1.0235219717172912       0.32944349403094575     
  0.499999791       1.0214115734040776       0.33560334503885719     
  0.509999812       1.0191990339380916       0.34172963571375903     
  0.519999802       1.0168845745732702       0.34782175342661115     
  0.529999793       1.0144684267555395       0.35387908896566961     
  0.539999783       1.0119508320996706       0.35990103659740752     
  0.549999774       1.0093320423651180       0.36588699412708875     
  0.559999764       1.0066123194308434       0.37183636295898709     
  0.569999754       1.0037919352691282       0.37774854815624603     
  0.579999745       1.0008711719183763       0.38362295850037226     
  0.589999735      0.99785032145490948       0.38945900655035764     
  0.599999726      0.99472968596376099       0.39525610870142336     
  0.609999716      0.99150957750846591       0.40101368524338021     
  0.619999707      0.98819031809985547       0.40673116041859980     
  0.629999697      0.98477223966385585       0.41240796247959022     
  0.639999688      0.98125568400829544       0.41804352374617071     
  0.649999678      0.97764100278872412       0.42363728066223993     
  0.659999669      0.97392855747324791       0.42918867385213127     
  0.669999659      0.97011871930638172       0.43469714817655064     
  0.679999650      0.96621186927192548       0.44016215278809029     
  0.689999640      0.96220839805486502       0.44558314118631348     
  0.699999630      0.95810870600230447       0.45095957127240466     
  0.709999621      0.95391320308343075       0.45629090540337935     
  0.719999611      0.94962230884851706       0.46157661044584830     
  0.729999602      0.94523645238696785       0.46681615782933089     
  0.739999592      0.94075607228440972       0.47200902359911234     
  0.749999583      0.93618161657883303       0.47715468846863884     
  0.759999573      0.93151354271578790       0.48225263787144651     
  0.769999564      0.92675231750263998       0.48730236201261795     
  0.779999554      0.92189841706188935       0.49230335591976165     
  0.789999545      0.91695232678355842       0.49725511949350926     
  0.799999535      0.91191454127665306       0.50215715755752555     
  0.809999526      0.90678556431970148       0.50700897990802618     
  0.819999516      0.90156590881037657       0.51181010136279781     
  0.829999506      0.89625609671420603       0.51656004180971649     
  0.839999497      0.89085665901237587       0.52125832625475876     
  0.849999487      0.88536813564863204       0.52590448486950125     
  0.859999478      0.87979107547528668       0.53049805303810316     
  0.869999468      0.87412603619833218       0.53503857140376831     
  0.879999459      0.86837358432167089       0.53952558591468047     
  0.889999449      0.86253429509046509       0.54395864786940873     
  0.899999440      0.85660875243361168       0.54833731396177743     
  0.909999430      0.85059754890535000       0.55266114632519692     
  0.919999421      0.84450128562600613       0.55692971257645019     
  0.929999411      0.83832057222188072       0.56114258585893140     
  0.939999402      0.83205602676428680       0.56529934488533118     
  0.949999392      0.82570827570774219       0.56939957397976548     
  0.959999382      0.81927795382732416       0.57344286311934323     
  0.969999373      0.81276570415519200       0.57742880797516860     
  0.979999363      0.80617217791628404       0.58135700995277384     
  0.989999354      0.79949803446319478       0.58522707623197889     
  0.999999344      0.79274394121023972       0.58903861980617311     
   1.00999939      0.78591057356671401       0.59279125952101619     
   1.01999938      0.77899861486935151       0.59648462011255343     
   1.02999938      0.77200875631399124       0.60011833224474243     
   1.03999937      0.76494169688645752       0.60369203254638615     
   1.04999936      0.75779814329266160       0.60720536364747046     
   1.05999935      0.75057880988793091       0.61065797421490098     
   1.06999934      0.74328441860557382       0.61404951898763660     
   1.07999933      0.73591569888468600       0.61737965881121515     
   1.08999932      0.72847338759720659       0.62064806067166922     
   1.09999931      0.72095822897423134       0.62385439772882745     
   1.10999930      0.71337097453158893       0.62699834934899856     
   1.11999929      0.70571238299468964       0.63007960113703454     
   1.12999928      0.69798322022265313       0.63309784496777055     
   1.13999927      0.69018425913172210       0.63605277901683699     
   1.14999926      0.68231627961797092       0.63894410779084232     
   1.15999925      0.67438006847931575       0.64177154215692211     
   1.16999924      0.66637641933683511       0.64453479937165237     
   1.17999923      0.65830613255540749       0.64723360310932398     
   1.18999922      0.65017001516367490       0.64986768348957547     
   1.19999921      0.64196888077334036       0.65243677710438053     
   1.20999920      0.63370354949780627       0.65494062704438927     
   1.21999919      0.62537484787016340       0.65737898292461905     
   1.22999918      0.61698360876053715       0.65975160090949259     
   1.23999918      0.60853067129280125       0.66205824373722222     
   1.24999917      0.60001688076066462       0.66429868074353549     
   1.25999916      0.59144308854314243       0.66647268788474190     
   1.26999915      0.58281015201941833       0.66858004776013702     
   1.27999914      0.57411893448310591       0.67062054963374285     
   1.28999913      0.56537030505592012       0.67259398945538129     
   1.29999912      0.55656513860076473       0.67450016988107908     
   1.30999911      0.54770431563424582       0.67633890029280208     
   1.31999910      0.53878872223862051       0.67810999681751749     
   1.32999909      0.52981924997318863       0.67981328234558092     
   1.33999908      0.52079679578513660       0.68144858654844709     
   1.34999907      0.51172226191984305       0.68301574589570313     
   1.35999906      0.50259655583065388       0.68451460367142136     
   1.36999905      0.49342059008813727       0.68594500998983099     
   1.37999904      0.48419528228882658       0.68730682181030667     
   1.38999903      0.47492155496346045       0.68859990295167250     
   1.39999902      0.46560033548473007       0.68982412410582017     
   1.40999901      0.45623255597454165       0.69097936285063988     
   1.41999900      0.44681915321080440       0.69206550366226238     
   1.42999899      0.43736106853375267       0.69308243792661128     
   1.43999898      0.42785924775181194       0.69403006395026490     
   1.44999897      0.41831464104701793       0.69490828697062512     
   1.45999897      0.40872820287999850       0.69571701916539386     
   1.46999896      0.39910089189452758       0.69645617966135531     
   1.47999895      0.38943367082166064       0.69712569454246331     
   1.48999894      0.37972750638346187       0.69772549685723284     
   1.49999893      0.36998336919633168       0.69825552662543522     
   1.50999892      0.36020223367394527       0.69871573084409599     
   1.51999891      0.35038507792981122       0.69910606349279547     
   1.52999890      0.34053288367946011       0.69942648553827047     
   1.53999889      0.33064663614227285       0.69967696493831799     
   1.54999888      0.32072732394295911       0.69985747664499931     
   1.55999887      0.31077593901269446       0.69996800260714442     
   1.56999886      0.30079347648992755       0.70000853177215783     
   1.57999885      0.29078093462086596       0.69997906008712341     
   1.58999884      0.28073931465965191       0.69987959049920934     
   1.59999883      0.27066962076823664       0.69971013295537421     
   1.60999882      0.26057285991596435       0.69947070440137160     
   1.61999881      0.25045004177887514       0.69916132878005599     
   1.62999880      0.24030217863873746       0.69878203702898822     
   1.63999879      0.23013028528182000       0.69833286707734166     
   1.64999878      0.21993537889741302       0.69781386384210964     
   1.65999877      0.20971847897610940       0.69722507922361332     
   1.66999876      0.19948060720785563       0.69656657210031203     
   1.67999876      0.18922278737978274       0.69583840832291532     
   1.68999875      0.17894604527382776       0.69504066070779758     
   1.69999874      0.16865140856415534       0.69417340902971691     
   1.70999873      0.15833990671439044       0.69323674001383739     
   1.71999872      0.14801257087467196       0.69223074732705636     
   1.72999871      0.13767043377853772       0.69115553156863818     
   1.73999870      0.12731452963965109       0.69001120026015383     
   1.74999869      0.11694589404837973       0.68879786783472918     
   1.75999868      0.10656556386823639       0.68751565562560135     
   1.76999867       9.6174577132192698E-002  0.68616469185398565     
   1.77999866       8.5773972938875828E-002  0.68474511161625329     
   1.78999865       7.5364791348658616E-002  0.68325705687042182     
   1.79999864       6.4948073279653573E-002  0.68170067642195897     
   1.80999863       5.4524860403621027E-002  0.68007612590890298     
   1.81999862       4.4096195041801990E-002  0.67838356778629794     
   1.82999861       3.3663120060686037E-002  0.67662317130994842     
   1.83999860       2.3226678767724645E-002  0.67479511251949442     
   1.84999859       1.2787914807000455E-002  0.67289957422080682     
   1.85999858       2.3478720548628816E-003  0.67093674596770703     
   1.86999857      -8.0924054844595337E-003  0.66890682404301161     
   1.87999856      -1.8531873783259531E-002  0.66681001143890428     
   1.88999856      -2.8969488894753901E-002  0.66464651783663586     
   1.89999855      -3.9404207057478151E-002  0.66241655958555701     
   1.90999854      -4.9834984799662661E-002  0.66012035968148308     
   1.91999853      -6.0260779043579848E-002  0.65775814774439423     
   1.92999852      -7.0680547209851924E-002  0.65533015999547362     
   1.93999851      -8.1093247321708861E-002  0.65283663923348545     
   1.94999850      -9.1497838109186019E-002  0.65027783481049473     
   1.95999849     -0.10189327911325118       0.64765400260693240     
   1.96999848     -0.11227853078985039       0.64496540500600719     
   1.97999847     -0.12265255461386246       0.64221231086746722     
   1.98999846     -0.13301431318295137       0.63939499550071410     
   1.99999845     -0.14336277032130651       0.63651374063727184     
   2.00999856     -0.15369689118326035       0.63356883440261424     
   2.01999855     -0.16401564235677291       0.63056057128735143     
   2.02999854     -0.17431799196677294       0.62748925211778162     
   2.03999853     -0.18460290977834556       0.62435518402580814     
   2.04999852     -0.19486936729975557       0.62115868041822619     
   2.05999851     -0.20511633788529676       0.61790006094538230     
   2.06999850     -0.21534279683795640       0.61457965146920923     
   2.07999849     -0.22554772151188496       0.61119778403063985     
   2.08999848     -0.23573009141466070       0.60775479681640310     
   2.09999847     -0.24588888830933889       0.60425103412520487     
   2.10999846     -0.25602309631627546       0.60068684633329872     
   2.11999846     -0.26613170201471509       0.59706258985944805     
   2.12999845     -0.27621369454413314       0.59337862712928402     
   2.13999844     -0.28626806570532171       0.58963532653906325     
   2.14999843     -0.29629381006120969       0.58583306241882804     
   2.15999842     -0.30628992503740632       0.58197221499497354     
   2.16999841     -0.31625541102245874       0.57805317035222492     
   2.17999840     -0.32618927146781301       0.57407632039502898     
   2.18999839     -0.33609051298746900       0.57004206280836378     
   2.19999838     -0.34595814545731907       0.56595080101796980     
   2.20999837     -0.35579118211416033       0.56180294415000809     
   2.21999836     -0.36558863965437116       0.55759890699014691     
   2.22999835     -0.37534953833224133       0.55333910994208346     
   2.23999834     -0.38507290205794670       0.54902397898550359     
   2.24999833     -0.39475775849515826       0.54465394563348368     
   2.25999832     -0.40440313915827558       0.54022944688933938     
   2.26999831     -0.41400807950927554       0.53575092520292555     
   2.27999830     -0.42357161905416602       0.53121882842639079     
   2.28999829     -0.43309280143903528       0.52663360976939244     
   2.29999828     -0.44257067454568744       0.52199572775377590     
   2.30999827     -0.45200429058685426       0.51730564616772201     
   2.31999826     -0.46139270620097389       0.51256383401936845     
   2.32999825     -0.47073498254652685       0.50777076548990885     
   2.33999825     -0.48003018539592046       0.50292691988617477     
   2.34999824     -0.48927738522891134       0.49803278159270509     
   2.35999823     -0.49847565732555760       0.49308884002330727     
   2.36999822     -0.50762408185869068       0.48809558957211624     
   2.37999821     -0.51672174398589821       0.48305352956415482     
   2.38999820     -0.52576773394100829       0.47796316420540125     
   2.39999819     -0.53476114712506584       0.47282500253236875     
   2.40999818     -0.54370108419679275       0.46763955836120169     
   2.41999817     -0.55258665116252181       0.46240735023629409     
   2.42999816     -0.56141695946559622       0.45712890137843504     
   2.43999815     -0.57019112607522515       0.45180473963248685     
   2.44999814     -0.57890827357478702       0.44643539741460031     
   2.45999813     -0.58756753024957087       0.44102141165897324     
   2.46999812     -0.59616803017394793       0.43556332376415702     
   2.47999811     -0.60470891329796428       0.43006167953891683     
   2.48999810     -0.61318932553334582       0.42451702914765060     
   2.49999809     -0.62160841883890694       0.41892992705537274     
   2.50999808     -0.62996535130535491       0.41330093197226753     
   2.51999807     -0.63825928723948033       0.40763060679781821     
   2.52999806     -0.64648939724772703       0.40191951856451680     
   2.53999805     -0.65465485831913095       0.39616823838116122     
   2.54999804     -0.66275485390762157       0.39037734137574420     
   2.55999804     -0.67078857401367631       0.38454740663794035     
   2.56999803     -0.67875521526532046       0.37867901716119740     
   2.57999802     -0.68665398099846464       0.37277275978443686     
   2.58999801     -0.69448408133657080       0.36682922513337002     
   2.59999800     -0.70224473326964032       0.36084900756143551     
   2.60999799     -0.70993516073251461       0.35483270509036380     
   2.61999798     -0.71755459468248195       0.34878091935037508     
   2.62999797     -0.72510227317618126       0.34269425552001642     
   2.63999796     -0.73257744144579706       0.33657332226564363     
   2.64999795     -0.73997935197453590       0.33041873168055486     
   2.65999794     -0.74730726457137808       0.32423109922378107     
   2.66999793     -0.75456044644509679       0.31801104365854033     
   2.67999792     -0.76173817227753704       0.31175918699036143     
   2.68999791     -0.76883972429614778       0.30547615440488324     
   2.69999790     -0.77586439234575888       0.29916257420533621     
   2.70999789     -0.78281147395959705       0.29281907774971216     
   2.71999788     -0.78968027442953204       0.28644629938762833     
   2.72999787     -0.79647010687554742       0.28004487639689246     
   2.73999786     -0.80318029231442922       0.27361544891977502     
   2.74999785     -0.80981015972766346       0.26715865989899495     
   2.75999784     -0.81635904612853860       0.26067515501342559     
   2.76999784     -0.82282629662844398       0.25416558261352651     
   2.77999783     -0.82921126450235860       0.24763059365650861     
   2.78999782     -0.83551331125352368       0.24107084164123838     
   2.79999781     -0.84173180667729219       0.23448698254288811     
   2.80999780     -0.84786612892414981       0.22787967474733817     
   2.81999779     -0.85391566456189927       0.22124957898533862     
   2.82999778     -0.85987980863700397       0.21459735826643606     
   2.83999777     -0.86575796473508315       0.20792367781267265     
   2.84999776     -0.87154954504055338       0.20122920499206395     
   2.85999775     -0.87725397039541009       0.19451460925186209     
   2.86999774     -0.88287067035714328       0.18778056205161112     
   2.87999773     -0.88839908325578210       0.18102773679600098     
   2.88999772     -0.89383865625006143       0.17425680876752708     
   2.89999771     -0.89918884538270627       0.16746845505896199     
   2.90999770     -0.90444911563482722       0.16066335450564623     
   2.91999769     -0.90961894097942275       0.15384218761760476     
   2.92999768     -0.91469780443398163       0.14700563651149590     
   2.93999767     -0.91968519811218119       0.14015438484239967     
   2.94999766     -0.92458062327467605       0.13328911773545241     
   2.95999765     -0.92938359037897189       0.12641052171733411     
   2.96999764     -0.93409361912837985       0.11951928464761588     
   2.97999763     -0.93871023852004609       0.11261609564997388     
   2.98999763     -0.94323298689205215       0.10570164504327703     
   2.99999762     -0.94766141196958120        9.8776624272555097E-002
   3.00999761     -0.95199507091014546        9.1841725839854199E-002
   3.01999760     -0.95623353034787018        8.4897643234986636E-002
   3.02999759     -0.96037636643683066        7.7945070866181840E-002
   3.03999758     -0.96442316489343660        7.0984703990645631E-002
   3.04999757     -0.96837352103786067        6.4017238645034447E-002
   3.05999756     -0.97222703983450609        5.7043371575851709E-002
   3.06999755     -0.97598333593151043        5.0063800169773166E-002
   3.07999754     -0.97964203369928105        4.3079222383908232E-002
   3.08999753     -0.98320276726805744        3.6090336676004274E-002
   3.09999752     -0.98666518056449881        2.9097841934600847E-002
   3.10999751     -0.99002892734729109        2.2102437409140838E-002
   3.11999750     -0.99329367124177126        1.5104822640045519E-002
   3.12999749     -0.99645908577356435        8.1056973887605206E-003
   3.13999748     -0.99952485440123162        1.1057615677796848E-003
   3.14999747      -1.0024906705479240       -5.8942848293461825E-003
   3.15999746      -1.0053562376320402       -1.2893741798008661E-002
   3.16999745      -1.0081212690968846       -1.9891909392542172E-002
   3.17999744      -1.0107854884393233       -2.6888087796218551E-002
   3.18999743      -1.0133486292374341       -3.3881577391228705E-002
   3.19999743      -1.0158104351771486       -4.0871678828644398E-002
   3.20999742      -1.0181706600778839       -4.7857693098353152E-002
   3.21999741      -1.0204290679171610       -5.4838921598959214E-002
   3.22999740      -1.0225854328542057       -6.1814666207643747E-002
   3.23999739      -1.0246395392525340       -6.8784229349977064E-002
   3.24999738      -1.0265911817015156       -7.5746914069676097E-002
   3.25999737      -1.0284401650369146       -8.2702024098300006E-002
   3.26999736      -1.0301863043604056       -8.9648863924877045E-002
   3.27999735      -1.0318294250580640       -9.6586738865455601E-002
   3.28999734      -1.0333693628178278      -0.10351495513257264     
   3.29999733      -1.0348059636459277      -0.11043281990463244     
   3.30999732      -1.0361390838822877      -0.11733964139518872     
   3.31999731      -1.0373685902148899      -0.12423472892212331     
   3.32999730      -1.0384943596931069      -0.13111739297671438     
   3.33999729      -1.0395162797399957      -0.13798694529258720     
   3.34999728      -1.0404342481635567      -0.14484269891454096     
   3.35999727      -1.0412481731669516      -0.15168396826724409     
   3.36999726      -1.0419579733576836      -0.15851006922379191     
   3.37999725      -1.0425635777557372      -0.16532031917411930     
   3.38999724      -1.0430649258006752      -0.17211403709326173     
   3.39999723      -1.0434619673576957      -0.17889054360945761     
   3.40999722      -1.0437546627226444      -0.18564916107208568     
   3.41999722      -1.0439429826259865      -0.19238921361942987     
   3.42999721      -1.0440269082357327      -0.19911002724626564     
   3.43999720      -1.0440064311593225      -0.20581092987126032     
   3.44999719      -1.0438815534444634      -0.21249125140418140     
   3.45999718      -1.0436522875789267      -0.21915032381290550     
   3.46999717      -1.0433186564892978      -0.22578748119022149     
   3.47999716      -1.0428806935386841      -0.23240205982042136     
   3.48999715      -1.0423384425233790      -0.23899339824567170     
   3.49999714      -1.0416919576684818      -0.24556083733215944     
   3.50999713      -1.0409413036224751      -0.25210372033600531     
   3.51999712      -1.0400865554507601      -0.25862139296893827     
   3.52999711      -1.0391277986281506      -0.26511320346372408     
   3.53999710      -1.0380651290303244      -0.27157850263934236     
   3.54999709      -1.0368986529242368      -0.27801664396590448     
   3.55999708      -1.0356284869574930      -0.28442698362930652     
   3.56999707      -1.0342547581466843      -0.29080888059561089     
   3.57999706      -1.0327776038646859      -0.29716169667514958     
   3.58999705      -1.0311971718269193      -0.30348479658634298     
   3.59999704      -1.0295136200765813      -0.30977754801922830     
   3.60999703      -1.0277271169688396      -0.31603932169869037     
   3.61999702      -1.0258378411539970      -0.32226949144738931     
   3.62999701      -1.0238459815596266      -0.32846743424837810     
   3.63999701      -1.0217517373716791      -0.33463253030740436     
   3.64999700      -1.0195553180145642      -0.34076416311488988     
   3.65999699      -1.0172569431302079      -0.34686171950758127     
   3.66999698      -1.0148568425560882      -0.35292458972986657     
   3.67999697      -1.0123552563022520      -0.35895216749475067     
   3.68999696      -1.0097524345273134      -0.36494385004448404     
   3.69999695      -1.0070486375134386      -0.37089903821083858     
   3.70999694      -1.0042441356403171      -0.37681713647502429     
   3.71999693      -1.0013392093581237      -0.38269755302724129     
   3.72999692     -0.99833414915947349      -0.38853969982586062     
   3.73999691     -0.99522925555037323      -0.39434299265622857     
   3.74999690     -0.99202483902016991      -0.40010685118908812     
   3.75999689     -0.98872122001050244      -0.40583069903861174     
   3.76999688     -0.98531872888325700      -0.41151396382004019     
   3.77999687     -0.98181770588753126      -0.41715607720692072     
   3.78999686     -0.97821850112560926      -0.42275647498793989     
   3.79999685     -0.97452147451795124      -0.42831459712334469     
   3.80999684     -0.97072699576720145      -0.43382988780094650     
   3.81999683     -0.96683544432121804      -0.43930179549170217     
   3.82999682     -0.96284720933512835      -0.44472977300486721     
   3.83999681     -0.95876268963241340      -0.45011327754271457     
   3.84999681     -0.95458229366502512      -0.45545177075481463     
   3.85999680     -0.95030643947254168      -0.46074471879187001     
   3.86999679     -0.94593555464036339      -0.46599159235910076     
   3.87999678     -0.94147007625695389      -0.47119186676917363     
   3.88999677     -0.93691045087013181      -0.47634502199467094     
   3.89999676     -0.93225713444241542      -0.48145054272009319     
   3.90999675     -0.92751059230542687      -0.48650791839339075     
   3.91999674     -0.92267129911335866      -0.49151664327701888     
   3.92999673     -0.91773973879550852      -0.49647621649851170     
   3.93999672     -0.91271640450788627      -0.50138614210056920     
   3.94999671     -0.90760179858389822      -0.50624592909065325     
   3.95999670     -0.90239643248411405      -0.51105509149008665     
   3.96999669     -0.89710082674512059      -0.51581314838265091     
   3.97999668     -0.89171551092746804      -0.52051962396267826     
   3.98999667     -0.88624102356271428      -0.52517404758263153     
   3.99999666     -0.88067791209957136      -0.52977595380016984     
   4.00999689     -0.87502673284916088      -0.53432488242469189     
   4.01999712     -0.86928805092938255      -0.53882037856335574     
   4.02999735     -0.86346244020840301      -0.54326199266656749     
   4.03999758     -0.85755048324726824      -0.54764928057293694     
   4.04999781     -0.85155277124164797      -0.55198180355369297     
   4.05999804     -0.84546990396271615      -0.55625912835655700     
   4.06999826     -0.83930248969717347      -0.56048082724906789     
   4.07999849     -0.83305114518641910      -0.56464647806135526     
   4.08999872     -0.82671649556487614      -0.56875566422835666     
   4.09999895     -0.82029917429747867      -0.57280797483147372     
   4.10999918     -0.81379982311632471      -0.57680300463966439     
   4.11999941     -0.80721909195650343      -0.58074035414996572     
   4.12999964     -0.80055763889110143      -0.58461962962744429     
   4.13999987     -0.79381613006539553      -0.58844044314456978     
   4.15000010     -0.78699523963023821      -0.59220241262000761     
   4.16000032     -0.78009564967464273      -0.59590516185682718     
   4.17000055     -0.77311805015757373      -0.59954832058012142     
   4.18000078     -0.76606313883895183      -0.60313152447403429     
   4.19000101     -0.75893162120987756      -0.60665441521819241     
   4.20000124     -0.75172421042208182      -0.61011664052353731     
   4.21000147     -0.74444162721661133      -0.61351785416755389     
   4.22000170     -0.73708459985175423      -0.61685771602889305     
   4.23000193     -0.72965386403021415      -0.62013589212138365     
   4.24000216     -0.72215016282554012      -0.62335205462743115     
   4.25000238     -0.71457424660781899      -0.62650588193079937     
   4.26000261     -0.70692687296863888      -0.62959705864877213     
   4.27000284     -0.69920880664532958      -0.63262527566369164     
   4.28000307     -0.69142081944448897      -0.63559023015386984     
   4.29000330     -0.68356369016480234      -0.63849162562387107     
   4.30000353     -0.67563820451916268      -0.64132917193416128     
   4.31000376     -0.66764515505609912      -0.64410258533012232     
   4.32000399     -0.65958534108052225      -0.64681158847042708     
   4.33000422     -0.65145956857379372      -0.64945591045477358     
   4.34000444     -0.64326865011312806      -0.65203528685097534     
   4.35000467     -0.63501340479033475      -0.65454945972140433     
   4.36000490     -0.62669465812990910      -0.65699817764878476     
   4.37000513     -0.61831324200648008      -0.65938119576133492     
   4.38000536     -0.60986999456162261      -0.66169827575725437     
   4.39000559     -0.60136576012004350      -0.66394918592855390     
   4.40000582     -0.59280138910514901      -0.66613370118422643     
   4.41000605     -0.58417773795400230      -0.66825160307275622     
   4.42000628     -0.57549566903168003      -0.67030267980396407     
   4.43000650     -0.56675605054503575      -0.67228672627018593     
   4.44000673     -0.55795975645587914      -0.67420354406678429     
   4.45000696     -0.54910766639357977      -0.67605294151198791     
   4.46000719     -0.54020066556710433      -0.67783473366606084     
   4.47000742     -0.53123964467649576      -0.67954874234979556     
   4.48000765     -0.52222549982380295      -0.68119479616233147     
   4.49000788     -0.51315913242347100      -0.68277273049829479     
   4.50000811     -0.50404144911219961      -0.68428238756425885     
   4.51000834     -0.49487336165827911      -0.68572361639452406     
   4.52000856     -0.48565578687041389      -0.68709627286621378     
   4.53000879     -0.47638964650604171      -0.68840021971368714     
   4.54000902     -0.46707586717915750      -0.68963532654226534     
   4.55000925     -0.45771538026765246      -0.69080146984127089     
   4.56000948     -0.44830912182017590      -0.69189853299637938     
   4.57000971     -0.43885803246253058      -0.69292640630128022     
   4.58000994     -0.42936305730361002      -0.69388498696864753     
   4.59001017     -0.41982514584088776      -0.69477417914041883     
   4.60001040     -0.41024525186546745      -0.69559389389738113     
   4.61001062     -0.40062433336670378      -0.69634404926806248     
   4.62001085     -0.39096335243640379      -0.69702457023692921     
   4.63001108     -0.38126327517261721      -0.69763538875188746     
   4.64001131     -0.37152507158302722      -0.69817644373108867     
   4.65001154     -0.36174971548794926      -0.69864768106903741     
   4.66001177     -0.35193818442294916      -0.69904905364200187     
   4.67001200     -0.34209145954108955      -0.69938052131272688     
   4.68001223     -0.33221052551481473      -0.69964205093444665     
   4.69001245     -0.32229637043748310      -0.69983361635420038     
   4.70001268     -0.31234998572455813      -0.69995519841544707     
   4.71001291     -0.30237236601446671      -0.70000678495998103     
   4.72001314     -0.29236450906913519      -0.69998837082914833     
   4.73001337     -0.28232741567421349      -0.69989995786436188     
   4.74001360     -0.27226208953899622      -0.69974155490691781     
   4.75001383     -0.26216953719605196      -0.69951317779711142     
   4.76001406     -0.25205076790056991      -0.69921484937265255     
   4.77001429     -0.24190679352943434      -0.69884659946638239     
   4.78001451     -0.23173862848003712      -0.69840846490329000     
   4.79001474     -0.22154728956883774      -0.69790048949682992     
   4.80001497     -0.21133379592968174      -0.69732272404454043     
   4.81001520     -0.20109916891188748      -0.69667522632296441     
   4.82001543     -0.19084443197811093      -0.69595806108187097     
   4.83001566     -0.18057061060199969      -0.69517130003778138     
   4.84001589     -0.17027873216564546      -0.69431502186679639     
   4.85001612     -0.15996982585684585      -0.69338931219672939     
   4.86001635     -0.14964492256618572      -0.69239426359854339     
   4.87001657     -0.13930505478394797      -0.69132997557709364     
   4.88001680     -0.12895125649686462      -0.69019655456117768     
   4.89001703     -0.11858456308471810      -0.68899411389289211     
   4.90001726     -0.10820601121680330      -0.68772277381629854     
   4.91001749      -9.7816638748260631E-002 -0.68638266146539895     
   4.92001772      -8.7417484616290508E-002 -0.68497391085142245     
   4.93001795      -7.7009588736259654E-002 -0.68349666284942423     
   4.94001818      -6.6593991897709551E-002 -0.68195106518419790     
   4.95001841      -5.6171735660277493E-002 -0.68033727241550335     
   4.96001863      -4.5743862249540655E-002 -0.67865544592261018     
   4.97001886      -3.5311414452793483E-002 -0.67690575388816010     
   4.98001909      -2.4875435514769031E-002 -0.67508837128134902     
   4.99001932      -1.4436969033314446E-002 -0.67320347984042939     
   5.00001955      -3.9970588550312146E-003 -0.67125126805453705     
   5.01001978       6.4432510291095009E-003 -0.66923193114484181     
   5.02002001       1.6882916588165962E-002 -0.66714567104502576     
   5.03002024       2.7320893855628931E-002 -0.66499269638108960     
   5.04002047       3.7756139033818324E-002 -0.66277322245049020     
   5.05002069       4.8187608598262974E-002 -0.66048747120061069     
   5.06002092       5.8614259402053080E-002 -0.65813567120656591     
   5.07002115       6.9035048780154873E-002 -0.65571805764834490     
   5.08002138       7.9448934653677125E-002 -0.65323487228729271     
   5.09002161       8.9854875634079054E-002 -0.65068636344193442     
   5.10002184      0.10025183112730915      -0.64807278596314322     
   5.11002207      0.11063876143786455      -0.64539440120865532     
   5.12002230      0.12101462787276068      -0.64265147701693437     
   5.13002253      0.13137839284540043      -0.63984428768038715     
   5.14002275      0.14172901997933288      -0.63697311391793499     
   5.15002298      0.15206547421189087      -0.63403824284694132     
   5.16002321      0.16238672189769746      -0.63103996795450013     
   5.17002344      0.17269173091203016      -0.62797858906808746     
   5.18002367      0.18297947075403362      -0.62485441232557815     
   5.19002390      0.19324891264976965      -0.62166775014463271     
   5.20002413      0.20349902965509462      -0.61841892119145503     
   5.21002436      0.21372879675835382      -0.61510825034892580     
   5.22002459      0.22393719098288270      -0.61173606868411468     
   5.23002481      0.23412319148930444      -0.60830271341517306     
   5.24002504      0.24428577967761397      -0.60480852787761263     
   5.25002527      0.25442393928903789      -0.60125386148997151     
   5.26002550      0.26453665650766039      -0.59763906971887260     
   5.27002573      0.27462292006180494      -0.59396451404347705     
   5.28002596      0.28468172132516112      -0.59023056191933598     
   5.29002619      0.29471205441764764      -0.58643758674164514     
   5.30002642      0.30471291630600011      -0.58258596780790539     
   5.31002665      0.31468330690407442      -0.57867609027999301     
   5.32002687      0.32462222917285538      -0.57470834514564317     
   5.33002710      0.33452868922016060      -0.57068312917935182     
   5.34002733      0.34440169640002960      -0.56660084490269769     
   5.35002756      0.35424026341178860      -0.56246190054409007     
   5.36002779      0.36404340639878041      -0.55826670999794648     
   5.37002802      0.37381014504675025      -0.55401569278330276     
   5.38002825      0.38353950268187698      -0.54970927400186154     
   5.39002848      0.39323050636844059      -0.54534788429548164     
   5.40002871      0.40288218700611583      -0.54093195980311437     
   5.41002893      0.41249357942688208      -0.53646194211718934     
   5.42002916      0.42206372249154034      -0.53193827823945505     
   5.43002939      0.43159165918582687      -0.52736142053627921     
   5.44002962      0.44107643671611491      -0.52273182669341167     
   5.45002985      0.45051710660469391      -0.51804995967021605     
   5.46003008      0.45991272478461720      -0.51331628765337389     
   5.47003031      0.46926235169410890      -0.50853128401006564     
   5.48003054      0.47856505237051988      -0.50369542724063432     
   5.49003077      0.48781989654382413      -0.49880920093073533     
   5.50003099      0.49702595872964567      -0.49387309370297788     
   5.51003122      0.50618231832180727      -0.48888759916806274     
   5.52003145      0.51528805968439051      -0.48385321587542107     
   5.53003168      0.52434227224329999      -0.47877044726335982     
   5.54003191      0.53334405057732037      -0.47363980160871744     
   5.55003214      0.54229249450865846      -0.46846179197603649     
   5.56003237      0.55118670919296120      -0.46323693616625716     
   5.57003260      0.56002580520880008      -0.45796575666493711     
   5.58003283      0.56880889864661299      -0.45264878059000296     
   5.59003305      0.57753511119709544      -0.44728653963903847     
   5.60003328      0.58620357023903147      -0.44187957003611478     
   5.61003351      0.59481340892655565      -0.43642841247816810     
   5.62003374      0.60336376627583799      -0.43093361208092990     
   5.63003397      0.61185378725118156      -0.42539571832441542     
   5.64003420      0.62028262285052693      -0.41981528499797549     
   5.65003443      0.62864943019035202      -0.41419287014491790     
   5.66003466      0.63695337258996021      -0.40852903600670293     
   5.67003489      0.64519361965514876      -0.40282434896671904     
   5.68003511      0.65336934736124797      -0.39707937949364475     
   5.69003534      0.66147973813552385      -0.39129470208440176     
   5.70003557      0.66952398093893539      -0.38547089520670524     
   5.71003580      0.67750127134723825      -0.37960854124121690     
   5.72003603      0.68541081163142725      -0.37370822642330714     
   5.73003626      0.69325181083750942      -0.36777054078443133     
   5.74003649      0.70102348486559929      -0.36179607809312692     
   5.75003672      0.70872505654832896      -0.35578543579563632     
   5.76003695      0.71635575572856447      -0.34973921495616256     
   5.77003717      0.72391481933642210      -0.34365802019676245     
   5.78003740      0.73140149146557487      -0.33754245963688484     
   5.79003763      0.73881502344884342      -0.33139314483255844     
   5.80003786      0.74615467393306267      -0.32521069071523623     
   5.81003809      0.75341970895321697      -0.31899571553030226     
   5.82003832      0.76060940200583704      -0.31274884077524734     
   5.83003855      0.76772303412164977      -0.30647069113751907     
   5.84003878      0.77475989393747535      -0.30016189443205321     
   5.85003901      0.78171927776736383      -0.29382308153849213     
   5.86003923      0.78860048967296337      -0.28745488633809685     
   5.87003946      0.79540284153311414      -0.28105794565035896     
   5.88003969      0.80212565311266082      -0.27463289916931866     
   5.89003992      0.80876825213047543      -0.26818038939959538     
   5.90004015      0.81532997432668597      -0.26170106159213730     
   5.91004038      0.82181016352910230      -0.25519556367969620     
   5.92004061      0.82820817171883321      -0.24866454621203427     
   5.93004084      0.83452335909508846      -0.24210866229086908     
   5.94004107      0.84075509413915861      -0.23552856750456347     
   5.95004129      0.84690275367756729      -0.22892491986256672     
   5.96004152      0.85296572294438811      -0.22229837972961347     
   5.97004175      0.85894339564272171      -0.21564960975968747     
   5.98004198      0.86483517400532495      -0.20897927482975601     
   5.99004221      0.87064046885438817      -0.20228804197328226     
   6.00004244      0.87635869966045232      -0.19557658031352199     
   6.01004267      0.88198929460046249      -0.18884556099661118     
   6.02004290      0.88753169061494996      -0.18209565712445147     
   6.03004313      0.89298533346433806      -0.17532754368739989     
   6.04004335      0.89834967778436636      -0.16854189749676993     
   6.05004358      0.90362418714062698      -0.16173939711715032     
   6.06004381      0.90880833408220796      -0.15492072279854865     
   6.07004404      0.91390160019443833      -0.14808655640836629     
   6.08004427      0.91890347615072976      -0.14123758136321174     
   6.09004450      0.92381346176350909      -0.13437448256055892     
   6.10004473      0.92863106603423695      -0.12749794631025740     
   6.11004496      0.93335580720250810      -0.12060866026590152     
   6.12004519      0.93798721279422692      -0.11370731335606489     
   6.13004541      0.94252481966885493      -0.10679459571540768     
   6.14004564      0.94696817406572498       -9.9871198615663070E-002
   6.15004587      0.95131683164941738       -9.2937814396510068E-002
   6.16004610      0.95557035755419328       -8.5995136396339628E-002
   6.17004633      0.95972832642748152       -7.9043858882920731E-002
   6.18004656      0.96379032247241314       -7.2084676983973653E-002
   6.19004679      0.96775593948940208       -6.5118286617657187E-002
   6.20004702      0.97162478091676441       -5.8145384422976829E-002
   6.21004725      0.97539645987037482       -5.1166667690120876E-002
   6.22004747      0.97907059918235495       -4.4182834290731429E-002
   6.23004770      0.98264683143879006       -3.7194582608117213E-002
   6.24004793      0.98612479901647054       -3.0202611467415253E-002
   6.25004816      0.98950415411865433       -2.3207620065708364E-002
   6.26004839      0.99278455880984651       -1.6210307902105450E-002
   6.27004862      0.99596568504959249       -9.2113747077915923E-003
   6.28004885      0.99904721472528280       -2.2115203760549370E-003
   6.29004908       1.0020288396839636        4.7885551077026332E-003
