 #   t                   Vx                       Vy
   0.00000000      0.29999999999999999       0.69999999999999996     
   9.99999978E-03  0.28998525022417604       0.69996500000156459     
   1.99999996E-02  0.27994150192463574       0.69986000350625821     
   2.99999993E-02  0.26986975947616421       0.69968502101372987     
   3.99999991E-02  0.25977103005296126       0.69944007002222819     
   4.99999970E-02  0.24964632352792410       0.69912517502685123     
   5.99999949E-02  0.23949665237165998       0.69874036751709723     
   6.99999928E-02  0.22932303155123920       0.69828568597371554     
   7.99999908E-02  0.21912647842869834       0.69776117586485853     
   8.99999887E-02  0.20890801265930409       0.69716688964153473     
   9.99999866E-02  0.19866865608958773       0.69650288673236393     
  0.109999985      0.18840943265516047       0.69576923353763420     
  0.119999982      0.17813136827831993       0.69496600342266168     
  0.129999980      0.16783549076545787       0.69409327671045440     
  0.139999986      0.15752282970427955       0.69315114067367978     
  0.149999991      0.14719441636084502       0.69213968952593741     
  0.159999996      0.13685128357644244       0.69105902441233746     
  0.170000002      0.12649446566430406       0.68990925339938669     
  0.180000007      0.11612499830617477       0.68869049146418115     
  0.190000013      0.10574391844874408       0.68740286048290911     
  0.200000018       9.5352264199951298E-002  0.68604648921866296     
  0.210000023       8.4951074725174894E-002  0.68462151330856313     
  0.220000029       7.4541390143315844E-002  0.68312807525019426     
  0.230000034       6.4124251422785800E-002  0.68156632438735565     
  0.240000039       5.3700700277410265E-002  0.67993641689512674     
  0.250000030       4.3271779062257182E-002  0.67823851576424943     
  0.260000020       3.2838530669401449E-002  0.67647279078482925     
  0.270000011       2.2401998423635720E-002  0.67463941852935638     
  0.280000001       1.1963225978137915E-002  0.67273858233504824     
  0.289999992       1.5232572101059241E-003  0.67077047228551590     
  0.299999982      -8.9168638836301193E-003  0.66873528519175540     
  0.309999973      -1.9356093291007508E-002  0.66663322457246721     
  0.319999963      -2.9793387089132178E-002  0.66446450063370388     
  0.329999954      -4.0227701548670974E-002  0.66222933024784969     
  0.339999944      -5.0657993238224591E-002  0.65992793693193330     
  0.349999934      -6.1083219128670707E-002  0.65756055082527609     
  0.359999925      -7.1502336697466889E-002  0.65512740866647812     
  0.369999915      -8.1914304032902840E-002  0.65262875376974450     
  0.379999906      -9.2318079938291553E-002  0.65006483600055387     
  0.389999896     -0.10271262403608902       0.64743591175067172     
  0.399999887     -0.11309689687193195       0.64474224391251134     
  0.409999877     -0.12346986001858316       0.64198410185284449     
  0.419999868     -0.13383047617977439       0.63916176138586489     
  0.429999858     -0.14417770929393584       0.63627550474560679     
  0.439999849     -0.15451052463780235       0.63332562055772124     
  0.449999839     -0.16482788892988576       0.63031240381061404     
  0.459999830     -0.17512877043380298       0.62723615582594638     
  0.469999820     -0.18541213906144971       0.62409718422850313     
  0.479999810     -0.19567696647600916       0.62089580291543001     
  0.489999801     -0.20592222619478576       0.61763233202484402     
  0.499999791     -0.21614689369185347       0.61430709790381977     
  0.509999812     -0.22634994650050830       0.61092043307575450     
  0.519999802     -0.23653036431551502       0.60747267620711598     
  0.529999793     -0.24668712909513768       0.60396417207357578     
  0.539999783     -0.25681922516294375       0.60039527152553152     
  0.549999774     -0.26692563930937174       0.59676633145302216     
  0.559999764     -0.27700536089305222       0.59307771475003879     
  0.569999754     -0.28705738194187191       0.58932979027823529     
  0.579999745     -0.29708069725377090       0.58552293283004209     
  0.589999735     -0.30707430449726281       0.58165752309118712     
  0.599999726     -0.31703720431166799       0.57773394760262697     
  0.609999716     -0.32696840040704961       0.57375259872189299     
  0.619999707     -0.33686689966384253       0.56971387458385558     
  0.629999697     -0.34673171223216537       0.56561817906091061     
  0.639999688     -0.35656185163080539       0.56146592172259202     
  0.649999678     -0.36635633484586672       0.55725751779461508     
  0.659999669     -0.37611418242907169       0.55299338811735399     
  0.669999659     -0.38583441859570561       0.54867395910375738     
  0.679999650     -0.39551607132219535       0.54429966269670738     
  0.689999640     -0.40515817244331154       0.53987093632582506     
  0.699999630     -0.41475975774898521       0.53538822286372789     
  0.709999621     -0.42431986708072877       0.53085197058174216     
  0.719999611     -0.43383754442765182       0.52626263310507571     
  0.729999602     -0.44331183802206225       0.52162066936745577     
  0.739999592     -0.45274180043464307       0.51692654356523549     
  0.749999583     -0.46212648866919515       0.51218072511097401     
  0.759999573     -0.47146496425693707       0.50738368858649574     
  0.769999564     -0.48075629335035180       0.50253591369543160     
  0.779999554     -0.48999954681657165       0.49763788521524915     
  0.789999545     -0.49919380033029132       0.49269009294877458     
  0.799999535     -0.50833813446620058       0.48769303167521244     
  0.809999526     -0.51743163479092680       0.48264720110066778     
  0.819999516     -0.52647339195447818       0.47755310580817556     
  0.829999506     -0.53546250178117882       0.47241125520724231     
  0.839999497     -0.54439806536008628       0.46722216348290518     
  0.849999487     -0.55327918913488272       0.46198634954431345     
  0.859999478     -0.56210498499323036       0.45670433697283763     
  0.869999468     -0.57087457035558298       0.45137665396971127     
  0.879999459     -0.57958706826344353       0.44600383330321092     
  0.889999449     -0.58824160746706022       0.44058641225537926     
  0.899999440     -0.59683732251255139       0.43512493256829693     
  0.909999430     -0.60537335382845103       0.42961994038990825     
  0.919999421     -0.61384884781166571       0.42407198621940645     
  0.929999411     -0.62226295691283517       0.41848162485218388     
  0.939999402     -0.63061483972108689       0.41284941532435226     
  0.949999392     -0.63890366104817742       0.40717592085683929     
  0.959999382     -0.64712859201201123       0.40146170879906634     
  0.969999373     -0.65528881011952866       0.39570735057221373     
  0.979999363     -0.66338349934895569       0.38991342161207843     
  0.989999354     -0.67141185023140548       0.38408050131153060     
  0.999999344     -0.67937305993182573       0.37820917296257428     
   1.00999939     -0.68726633232928214       0.37230002369801812     
   1.01999938     -0.69509087809657022       0.36635364443276219     
   1.02999938     -0.70284591477914837       0.36037062980470652     
   1.03999937     -0.71053066687338307       0.35435157811528717     
   1.04999936     -0.71814436590409925       0.34829709126964620     
   1.05999935     -0.72568625050142799       0.34220777471644115     
   1.06999934     -0.73315556647694324       0.33608423738730020     
   1.07999933     -0.74055156689908108       0.32992709163592887     
   1.08999932     -0.74787351216783227       0.32373695317687484     
   1.09999931     -0.75512067008870287       0.31751444102395637     
   1.10999930     -0.76229231594593316       0.31126017742836093     
   1.11999929     -0.76938773257496962       0.30497478781642018     
   1.12999928     -0.77640621043418112       0.29865890072706724     
   1.13999927     -0.78334704767581320       0.29231314774898282     
   1.14999926     -0.79020955021617278       0.28593816345743645     
   1.15999925     -0.79699303180503656       0.27953458535082876     
   1.16999924     -0.80369681409427607       0.27310305378694183     
   1.17999923     -0.81032022670569248       0.26664421191890331     
   1.18999922     -0.81686260729805427       0.26015870563087118     
   1.19999921     -0.82332330163333156       0.25364718347344528     
   1.20999920     -0.82970166364211984       0.24711029659881223     
   1.21999919     -0.83599705548824665       0.24054869869563034     
   1.22999918     -0.84220884763255577       0.23396304592366060     
   1.23999918     -0.84833641889586053       0.22735399684815077     
   1.24999917     -0.85437915652106211       0.22072221237397893     
   1.25999916     -0.86033645623442512       0.21406835567956284     
   1.26999915     -0.86620772230600485       0.20739309215054222     
   1.27999914     -0.87199236760922061       0.20069708931324015     
   1.28999913     -0.87768981367956789       0.19398101676791046     
   1.29999912     -0.88329949077246528       0.18724554612177766     
   1.30999911     -0.88882083792022859       0.18049135092187629     
   1.31999910     -0.89425330298816785       0.17371910658769615     
   1.32999909     -0.89959634272980060       0.16692949034364041     
   1.33999908     -0.90484942284117675       0.16012318115130314     
   1.34999907     -0.91001201801430864       0.15330085964157317     
   1.35999906     -0.91508361198970212       0.14646320804657098     
   1.36999905     -0.92006369760798246       0.13961091013142551     
   1.37999904     -0.92495177686061014       0.13274465112589767     
   1.38999903     -0.92974736093968191       0.12586511765585734     
   1.39999902     -0.93444997028681132       0.11897299767462077     
   1.40999901     -0.93905913464108481       0.11206898039415529     
   1.41999900     -0.94357439308608770       0.10515375621615809     
   1.42999899     -0.94799529409599570        9.8228016663016074E-002
   1.43999898     -0.95232139558072759        9.1292454308653598E-002
   1.44999897     -0.95655226493015444        8.4347762709275104E-002
   1.45999897     -0.96068747905736029        7.7394636334009503E-002
   1.46999896     -0.96472662444095103        7.0433770495463233E-002
   1.47999895     -0.96866929716640637        6.3465861280189051E-002
   1.48999894     -0.97251510296647148        5.6491605479077341E-002
   1.49999893     -0.97626365726058373        4.9511700517677039E-002
   1.50999892     -0.97991458519333052        4.2526844386453086E-002
   1.51999891     -0.98346752167193496        3.5537735570987390E-002
   1.52999890     -0.98692211140276520        2.8545072982130253E-002
   1.53999889     -0.99027800892686368        2.1549555886109305E-002
   1.54999888     -0.99353487865449308        1.4551883834602881E-002
   1.55999887     -0.99669239489869532        7.5527565947848515E-003
   1.56999886     -0.99975024190786022        5.5287407934791026E-004
   1.57999885      -1.0027081138973006       -6.4470637234876902E-003
   1.58999884      -1.0055657150798309       -1.3446356819972959E-002
   1.59999883      -1.0083227596953457       -2.0444305280829536E-002
   1.60999882      -1.0109789720393958       -2.7440209311242622E-002
   1.61999881      -1.0135340864907587       -3.4433369320840450E-002
   1.62999880      -1.0159878475380009       -4.1423085993653325E-002
   1.63999879      -1.0183400098050288       -4.8408660358045218E-002
   1.64999878      -1.0205903380756263       -5.5389393856610916E-002
   1.65999877      -1.0227386073169764       -6.2364588416031777E-002
   1.66999876      -1.0247846027021648       -6.9333546516883046E-002
   1.67999876      -1.0267281196316620       -7.6295571263385806E-002
   1.68999875      -1.0285689637537840       -8.3249966453096527E-002
   1.69999874      -1.0303069509841269       -9.0196036646527325E-002
   1.70999873      -1.0319419075239755       -9.7133087236689925E-002
   1.71999872      -1.0334736698776832      -0.10406042451855634     
   1.72999871      -1.0349020848690216      -0.11097735575842935     
   1.73999870      -1.0362270096564981      -0.11788318926321589     
   1.74999869      -1.0374483117476401      -0.12477723444959639     
   1.75999868      -1.0385658690122439      -0.13165880191308302     
   1.76999867      -1.0395795696945880      -0.13852720349696021     
   1.77999866      -1.0404893124246091      -0.14538175236110029     
   1.78999865      -1.0412950062280382      -0.15222176305064750     
   1.79999864      -1.0419965705354985      -0.15904655156456349     
   1.80999863      -1.0425939351905629      -0.16585543542402739     
   1.81999862      -1.0430870404567683      -0.17264773374068371     
   1.82999861      -1.0434758370235904      -0.17942276728473114     
   1.83999860      -1.0437602860113744      -0.18617985855284558     
   1.84999859      -1.0439403589752230      -0.19291833183593046     
   1.85999858      -1.0440160379078407      -0.19963751328668761     
   1.86999857      -1.0439873152413348      -0.20633673098700200     
   1.87999856      -1.0438541938479717      -0.21301531501513360     
   1.88999856      -1.0436166870398904      -0.21967259751270943     
   1.89999855      -1.0432748185677707      -0.22630791275150955     
   1.90999854      -1.0428286226184582      -0.23292059720003974     
   1.91999853      -1.0422781438115463      -0.23950998958988473     
   1.92999852      -1.0416234371949129      -0.24607543098183501     
   1.93999851      -1.0408645682392172      -0.25261626483178079     
   1.94999850      -1.0400016128313514      -0.25913183705636628     
   1.95999849      -1.0390346572668523      -0.26562149609839825     
   1.96999848      -1.0379637982412724      -0.27208459299200149     
   1.97999847      -1.0367891428405094      -0.27852048142751556     
   1.98999846      -1.0355108085300984      -0.28492851781612571     
   1.99999845      -1.0341289231434647      -0.29130806135422171     
   2.00999856      -1.0326436248691409      -0.29765847408747836     
   2.01999855      -1.0310550622369479      -0.30397912097465074     
   2.02999854      -1.0293633941031419      -0.31026936995107840     
   2.03999853      -1.0275687896345289      -0.31652859199189182     
   2.04999852      -1.0256714282915478      -0.32275616117491496     
   2.05999851      -1.0236714998103245      -0.32895145474325738     
   2.06999850      -1.0215692041836981      -0.33511385316759001     
   2.07999849      -1.0193647516412223      -0.34124274020809797     
   2.08999848      -1.0170583626281413      -0.34733750297610461     
   2.09999847      -1.0146502677833464      -0.35339753199536045     
   2.10999846      -1.0121407079163114      -0.35942222126299067     
   2.11999846      -1.0095299339830117      -0.36541096831009545     
   2.12999845      -1.0068182070608294      -0.37136317426199694     
   2.13999844      -1.0040057983224444      -0.37727824389812659     
   2.14999843      -1.0010929890087181      -0.38315558571154723     
   2.15999842     -0.99808007040056901      -0.38899461196810381     
   2.16999841     -0.99496734378984453      -0.39479473876519688     
   2.17999840     -0.99175512044919201      -0.40055538609017266     
   2.18999839     -0.98844372160093108      -0.40627597787832442     
   2.19999838     -0.98503347838493205      -0.41195594207049901     
   2.20999837     -0.98152473182550126      -0.41759471067030263     
   2.21999836     -0.97791783279727906      -0.42319171980090048     
   2.22999835     -0.97421314199015230      -0.42874640976140466     
   2.23999834     -0.97041102987318517      -0.43425822508284390     
   2.24999833     -0.96651187665757254      -0.43972661458371082     
   2.25999832     -0.96251607225861857      -0.44515103142507978     
   2.26999831     -0.95842401625674545      -0.45053093316529091     
   2.27999830     -0.95423611785753504      -0.45586578181419435     
   2.28999829     -0.94995279585080872      -0.46115504388694906     
   2.29999828     -0.94557447856874810      -0.46639819045737146     
   2.30999827     -0.94110160384306196      -0.47159469721082797     
   2.31999826     -0.93653461896120294      -0.47674404449666652     
   2.32999825     -0.93187398062163884      -0.48184571738018162     
   2.33999825     -0.92712015488818289      -0.48689920569410777     
   2.34999824     -0.92227361714338729      -0.49190400408963619     
   2.35999823     -0.91733485204100496      -0.49685961208694979     
   2.36999822     -0.91230435345752414      -0.50176553412527103     
   2.37999821     -0.90718262444278075      -0.50662127961241799     
   2.38999820     -0.90197017716965344      -0.51142636297386379     
   2.39999819     -0.89666753288284640      -0.51618030370129375     
   2.40999818     -0.89127522184676466      -0.52088262640065652     
   2.41999817     -0.88579378329248781      -0.52553286083970319     
   2.42999816     -0.88022376536384683      -0.53013054199501064     
   2.43999815     -0.87456572506260977      -0.53467521009848396     
   2.44999814     -0.86882022819278160      -0.53916641068333326     
   2.45999813     -0.86298784930402361      -0.54360369462952007     
   2.46999812     -0.85706917163419882      -0.54798661820866978     
   2.47999811     -0.85106478705104771      -0.55231474312844397     
   2.48999810     -0.84497529599300192      -0.55658763657637023     
   2.49999809     -0.83880130740914005      -0.56080487126312284     
   2.50999808     -0.83254343869829306      -0.56496602546525199     
   2.51999807     -0.82620231564730406      -0.56907068306735620     
   2.52999806     -0.81977857236844986      -0.57311843360369363     
   2.53999805     -0.81327285123602977      -0.57710887229922880     
   2.54999804     -0.80668580282212798      -0.58104160011010997     
   2.55999804     -0.80001808583155654      -0.58491622376357377     
   2.56999803     -0.79327036703598486      -0.58873235579727223     
   2.57999802     -0.78644332120726235      -0.59248961459801908     
   2.58999801     -0.77953763104994134      -0.59618762443995110     
   2.59999800     -0.77255398713300694      -0.59982601552210080     
   2.60999799     -0.76549308782081960      -0.60340442400537608     
   2.61999798     -0.75835563920327898      -0.60692249204894477     
   2.62999797     -0.75114235502521509      -0.61037986784601839     
   2.63999796     -0.74385395661501363      -0.61377620565903257     
   2.64999795     -0.73649117281248300      -0.61711116585422143     
   2.65999794     -0.72905473989597069      -0.62038441493558028     
   2.66999793     -0.72154540150873514      -0.62359562557821568     
   2.67999792     -0.71396390858458159      -0.62674447666107791     
   2.68999791     -0.70631101927276863      -0.62983065329907273     
   2.69999790     -0.69858749886219318      -0.63285384687455015     
   2.70999789     -0.69079411970486204      -0.63581375506816629     
   2.71999788     -0.68293166113865600      -0.63871008188911504     
   2.72999787     -0.67500090940939672      -0.64154253770472736     
   2.73999786     -0.66700265759222166      -0.64431083926943433     
   2.74999785     -0.65893770551227693      -0.64701470975309194     
   2.75999784     -0.65080685966473450      -0.64965387876866398     
   2.76999784     -0.64261093313414286      -0.65222808239926078     
   2.77999783     -0.63435074551311843      -0.65473706322453085     
   2.78999782     -0.62602712282038653      -0.65718057034640298     
   2.79999781     -0.61764089741817918      -0.65955835941417584     
   2.80999780     -0.60919290792899927      -0.66187019264895353     
   2.81999779     -0.60068399915175796      -0.66411583886742276     
   2.82999778     -0.59211502197729504      -0.66629507350497197     
   2.83999777     -0.58348683330328965      -0.66840767863814710     
   2.84999776     -0.57480029594857074      -0.67045344300644438     
   2.85999775     -0.56605627856683494      -0.67243216203343614     
   2.86999774     -0.55725565555978140      -0.67434363784722873     
   2.87999773     -0.54839930698967154      -0.67618767930024926     
   2.88999772     -0.53948811849132294      -0.67796410198836077     
   2.89999771     -0.53052298118354557      -0.67967272826930247     
   2.90999770     -0.52150479158003016      -0.68131338728045387     
   2.91999769     -0.51243445149969680      -0.68288591495592144     
   2.92999768     -0.50331286797651309      -0.68439015404294457     
   2.93999767     -0.49414095316879053      -0.68582595411762137     
   2.94999766     -0.48491962426796903      -0.68719317159995097     
   2.95999765     -0.47564980340689744      -0.68849166976819121     
   2.96999764     -0.46633241756762051      -0.68972131877253118     
   2.97999763     -0.45696839848868054      -0.69088199564807595     
   2.98999763     -0.44755868257194359      -0.69197358432714329     
   2.99999762     -0.43810421078895934      -0.69299597565087023     
   3.00999761     -0.42860592858686386      -0.69394906738012907     
   3.01999760     -0.41906478579383494      -0.69483276420575113     
   3.02999759     -0.40948173652410930      -0.69564697775805784     
   3.03999758     -0.39985773908257105      -0.69639162661569776     
   3.04999757     -0.39019375586892141      -0.69706663631378851     
   3.05999756     -0.38049075328143861      -0.69767193935136340     
   3.06999755     -0.37074970162033799      -0.69820747519812132     
   3.07999754     -0.36097157499074217      -0.69867319030048014     
   3.08999753     -0.35115735120527047      -0.69906903808693177     
   3.09999752     -0.34130801168625757      -0.69939497897269942     
   3.10999751     -0.33142454136761140      -0.69965098036369611     
   3.11999750     -0.32150792859631966      -0.69983701665978382     
   3.12999749     -0.31155916503361519      -0.69995306925733392     
   3.13999748     -0.30157924555580978      -0.69999912655108720     
   3.14999747     -0.29156916815480666      -0.69997518393531455     
   3.15999746     -0.28152993383830122      -0.69988124380427752     
   3.16999745     -0.27146254652968022      -0.69971731555198879     
   3.17999744     -0.26136801296762957      -0.69948341557127303     
   3.18999743     -0.25124734260546039      -0.69917956725212738     
   3.19999743     -0.24110154751016366      -0.69880580097938239     
   3.20999742     -0.23093164226120361      -0.69836215412966363     
   3.21999741     -0.22073864384905967      -0.69784867106765436     
   3.22999740     -0.21052357157352750      -0.69726540314165841     
   3.23999739     -0.20028744694178902      -0.69661240867846586     
   3.24999738     -0.19003129356626167      -0.69588975297752020     
   3.25999737     -0.17975613706223717      -0.69509750830438832     
   3.26999736     -0.16946300494532002      -0.69423575388353420     
   3.27999735     -0.15915292652867588      -0.69330457589039596     
   3.28999734     -0.14882693282010037      -0.69230406744276896     
   3.29999733     -0.13848605641891820      -0.69123432859149347     
   3.30999732     -0.12813133141272326      -0.69009546631044993     
   3.31999731     -0.11776379327396991      -0.68888759448586145     
   3.32999730     -0.10738447875642569      -0.68761083390490507     
   3.33999729      -9.6994425791495961E-002 -0.68626531224363330     
   3.34999728      -8.6594673384430790E-002 -0.68485116405420632     
   3.35999727      -7.6186261510424388E-002 -0.68336853075143678     
   3.36999726      -6.5770231010617644E-002 -0.68181756059864851     
   3.37999725      -5.5347623488013975E-002 -0.68019840869284987     
   3.38999724      -4.4919481203319060E-002 -0.67851123694922422     
   3.39999723      -3.4486846970714760E-002 -0.67675621408493847     
   3.40999722      -2.4050764053577693E-002 -0.67493351560227122     
   3.41999722      -1.3612276060152933E-002 -0.67304332377106268     
   3.42999721      -3.1724268391931550E-003 -0.67108582761048763     
   3.43999720       7.2677396244262126E-003 -0.66906122287015346     
   3.44999719       1.7707179314105474E-002 -0.66696971201052513     
   3.45999718       2.8144848285922338E-002 -0.66481150418267942     
   3.46999717       3.8579702773026282E-002 -0.66258681520738949     
   3.47999716       4.9010699290015246E-002 -0.66029586755354297     
   3.48999715       5.9436794737284165E-002 -0.65793889031589503     
   3.49999714       6.9856946505334916E-002 -0.65551611919215902     
   3.50999713       8.0270112579037295E-002 -0.65302779645943654     
   3.51999712       9.0675251641830490E-002 -0.65047417094998983     
   3.52999711      0.10107132317985473      -0.64785549802635845     
   3.53999710      0.11145728758600271      -0.64517203955582314     
   3.54999709      0.12183210626388023      -0.64242406388421891     
   3.55999708      0.13219474173166593      -0.63961184580910080     
   3.56999707      0.14254415772585932      -0.63673566655226388     
   3.57999706      0.15287931930490731      -0.63379581373162086     
   3.58999705      0.16319919295269819      -0.63079258133244087     
   3.59999704      0.17350274668191332      -0.62772626967795042     
   3.60999703      0.18378895013722585      -0.62459718539930131     
   3.61999702      0.19405677469833627      -0.62140564140490750     
   3.62999701      0.20430519358283436      -0.61815195684915414     
   3.63999701      0.21453318194887752      -0.61483645710048240     
   3.64999700      0.22473971699767489      -0.61145947370885234     
   3.65999699      0.23492377807576725      -0.60802134437258815     
   3.66999698      0.24508434677709232      -0.60452241290460818     
   3.67999697      0.25522040704482540      -0.60096302919804356     
   3.68999696      0.26533094527298506      -0.59734354919124910     
   3.69999695      0.27541495040779373      -0.59366433483220937     
   3.70999694      0.28547141404878301      -0.58992575404234382     
   3.71999693      0.29549933054963379      -0.58612818067971484     
   3.72999692      0.30549769711874086      -0.58227199450164180     
   3.73999691      0.31546551391949201      -0.57835758112672531     
   3.74999690      0.32540178417025178      -0.57438533199628539     
   3.75999689      0.33530551424403954      -0.57035564433521746     
   3.76999688      0.34517571376789219      -0.56626892111226956     
   3.77999687      0.35501139572190149      -0.56212557099974580     
   3.78999686      0.36481157653791607      -0.55792600833263906     
   3.79999685      0.37457527619789815      -0.55367065306719720     
   3.80999684      0.38430151833192544      -0.54935993073892786     
   3.81999683      0.39398933031582806      -0.54499427242004472     
   3.82999682      0.40363774336845093      -0.54057411467636007     
   3.83999681      0.41324579264853201      -0.53609989952362869     
   3.84999681      0.42281251735118625      -0.53157207438334586     
   3.85999680      0.43233696080398615      -0.52699109203800543     
   3.86999679      0.44181817056262912      -0.52235741058582141     
   3.87999678      0.45125519850618168      -0.51767149339491847     
   3.88999677      0.46064710093189171      -0.51293380905699471     
   3.89999676      0.46999293864955871      -0.50814483134046284     
   3.90999675      0.47929177707545267      -0.50330503914307323     
   3.91999674      0.48854268632577269      -0.49841491644402397     
   3.92999673      0.49774474130963509      -0.49347495225556315     
   3.93999672      0.50689702182158269      -0.48848564057408755     
   3.94999671      0.51599861263360525      -0.48344748033074308     
   3.95999670      0.52504860358666228      -0.47836097534153166     
   3.96999669      0.53404608968169898      -0.47322663425692946     
   3.97999668      0.54299017117014614      -0.46804497051102201     
   3.98999667      0.55187995364389497      -0.46281650227016086     
   3.99999666      0.56071454812473787      -0.45754175238114669     
   4.00999689      0.56949307115326619      -0.45222124831894495     
   4.01999712      0.57821464487721652      -0.44685552213393803     
   4.02999735      0.58687839713925549      -0.44144511039872053     
   4.03999758      0.59548346156419563      -0.43599055415444182     
   4.04999781      0.60402897764563301      -0.43049239885670204     
   4.05999804      0.61251409083199782      -0.42495119432100636     
   4.06999826      0.62093795261200924      -0.41936749466778367     
   4.07999849      0.62929972059952710      -0.41374185826697435     
   4.08999872      0.63759855861779013      -0.40807484768219338     
   4.09999895      0.64583363678303352      -0.40236702961447390     
   4.10999918      0.65400413158747772      -0.39661897484559727     
   4.11999941      0.66210922598167887      -0.39083125818101466     
   4.12999964      0.67014810945623382      -0.38500445839236674     
   4.13999987      0.67811997812283120      -0.37913915815960636     
   4.15000010      0.68602403479463991      -0.37323594401273058     
   4.16000032      0.69385948906602823      -0.36729540627312779     
   4.17000055      0.70162555739160415      -0.36131813899454540     
   4.18000078      0.70932146316456990      -0.35530473990368455     
   4.19000101      0.71694643679438264      -0.34925581034042752     
   4.20000124      0.72449971578371353      -0.34317195519770366     
   4.21000147      0.73198054480469743      -0.33705378286100002     
   4.22000170      0.73938817577446581      -0.33090190514752299     
   4.23000193      0.74672186792995487      -0.32471693724501643     
   4.24000216      0.75398088790198192      -0.31849949765024299     
   4.25000238      0.76116450978858230      -0.31225020810713433     
   4.26000261      0.76827201522759947      -0.30596969354461689     
   4.27000284      0.77530269346852143      -0.29965858201411893     
   4.28000307      0.78225584144355553      -0.29331750462676526     
   4.29000330      0.78913076383793546      -0.28694709549026631     
   4.30000353      0.79592677315945259      -0.28054799164550726     
   4.31000376      0.80264318980720528      -0.27412083300284401     
   4.32000399      0.80927934213955877      -0.26766626227811219     
   4.33000422      0.81583456654130970      -0.26118492492835538     
   4.34000444      0.82230820749004718      -0.25467746908727962     
   4.35000467      0.82869961762170530      -0.24814454550043993     
   4.36000490      0.83500815779529969      -0.24158680746016586     
   4.37000513      0.84123319715684119      -0.23500491074023214     
   4.38000536      0.84737411320242151      -0.22839951353028132     
   4.39000559      0.85343029184046371      -0.22177127637000493     
   4.40000582      0.85940112745313113      -0.21512086208308936     
   4.41000605      0.86528602295688917      -0.20844893571093362     
   4.42000628      0.87108438986221393      -0.20175616444614511     
   4.43000650      0.87679564833244095      -0.19504321756582041     
   4.44000673      0.88241922724174870      -0.18831076636461758     
   4.45000696      0.88795456423227159      -0.18155948408762665     
   4.46000719      0.89340110577033527      -0.17479004586304514     
   4.47000742      0.89875830720181049      -0.16800312863466529     
   4.48000765      0.90402563280657811      -0.16119941109417960     
   4.49000788      0.90920255585210119      -0.15437957361331173     
   4.50000811      0.91428855864609848      -0.14754429817577927     
   4.51000834      0.91928313258831340      -0.14069426830909545     
   4.52000856      0.92418577822137415      -0.13383016901621633     
   4.53000879      0.92899600528073945      -0.12695268670704055     
   4.54000902      0.93371333274372492      -0.12006250912976826     
   4.55000925      0.93833728887760548      -0.11316032530212641     
   4.56000948      0.94286741128678853      -0.10624682544246693     
   4.57000971      0.94730324695905344       -9.9322700900744881E-002
   4.58000994      0.95164435231085287       -9.2388644089383493E-002
   4.59001017      0.95589029323167118       -8.5445348414032923E-002
   4.60001040      0.96004064512743537       -7.8493508204229664E-002
   4.61001062      0.96409499296297452       -7.1533818643963631E-002
   4.62001085      0.96805293130352321       -6.4566975702159746E-002
   4.63001108      0.97191406435526528       -5.7593676063081058E-002
   4.64001131      0.97567800600491283       -5.0614617056660302E-002
   4.65001154      0.97934437985831790       -4.3630496588766929E-002
   4.66001177      0.98291281927811158       -3.6642013071416513E-002
   4.67001200      0.98638296742036791       -2.9649865352929551E-002
   4.68001223      0.98975447727028831       -2.2654752648046637E-002
   4.69001245      0.99302701167690299       -1.5657374468006996E-002
   4.70001268      0.99620024338678592       -8.6584305505973506E-003
   4.71001291      0.99927385507678046       -1.6586207901781542E-003
   4.72001314       1.0022475393857315        5.3413548323058410E-003
   4.73001337       1.0051209989452214        1.2340796319323680E-002
   4.74001360       1.0078939464093073        1.9339003726757949E-002
   4.75001383       1.0105661044832552        2.6335277233899192E-002
   4.76001406       1.0131372059512698        3.3328917213427976E-002
   4.77001429       1.0156069937032157        4.0319224301377611E-002
   4.78001451       1.0179752207603290        4.7305499467070550E-002
   4.79001474       1.0202416502999148        5.4287044083021464E-002
   4.80001497       1.0224060556790291        6.1263159994799969E-002
   4.81001520       1.0244682204571440        6.8233149590846087E-002
   4.82001543       1.0264279384177910        7.5196315872231370E-002
   4.83001566       1.0282850135891828        8.2151962522358804E-002
   4.84001589       1.0300392602638104        8.9099393976594499E-002
   4.85001612       1.0316905030170147        9.6037915491824083E-002
   4.86001635       1.0332385767245278       0.10296683321592706     
   4.87001657       1.0346833265789859       0.10988545425716201     
   4.88001680       1.0360246081054099       0.11679308675345575     
   4.89001703       1.0372622871756534       0.12368903994158953     
   4.90001726       1.0383962400218152       0.13057262422627539     
   4.91001749       1.0394263532486157       0.13744315124911563     
   4.92001772       1.0403525238447369       0.14429993395743870     
   4.93001795       1.0411746591931235       0.15114228667300444     
   4.94001818       1.0418926770802444       0.15796952516057189     
   4.95001841       1.0425065057043141       0.16478096669632281     
   4.96001863       1.0430160836824733       0.17157593013613409     
   4.97001886       1.0434213600569264       0.17835373598369217     
   4.98001909       1.0437222943000379       0.18511370645844261     
   4.99001932       1.0439188563183848       0.19185516556336815     
   5.00001955       1.0440110264557663       0.19857743915258846     
   5.01001978       1.0439987954951693       0.20527985499877469     
   5.02002001       1.0438821646596899       0.21196174286037220     
   5.03002024       1.0436611456124110       0.21862243454862471     
   5.04002047       1.0433357604552367       0.22526126399439320     
   5.05002069       1.0429060417266813       0.23187756731476281     
   5.06002092       1.0423720323986159       0.23847068287943107     
   5.07002115       1.0417337858719709       0.24503995137687104     
   5.08002138       1.0409913659713961       0.25158471588026232     
   5.09002161       1.0401448469388785       0.25810432191318389     
   5.10002184       1.0391943134263177       0.26459811751506163     
   5.11002207       1.0381398604870606       0.27106545330636439     
   5.12002230       1.0369815935663969       0.27750568255354202     
   5.13002253       1.0357196284910131       0.28391816123369856     
   5.14002275       1.0343540914574116       0.29030224809899469     
   5.15002298       1.0328851190192896       0.29665730474077245     
   5.16002321       1.0313128580738844       0.30298269565339614     
   5.17002344       1.0296374658472838       0.30927778829780278     
   5.18002367       1.0278591098787029       0.31554195316475608     
   5.19002390       1.0259779680037306       0.32177456383779746     
   5.20002413       1.0239942283365464       0.32797499705588740     
   5.21002436       1.0219080892511081       0.33414263277573192     
   5.22002459       1.0197197593613150       0.34027685423378656     
   5.23002481       1.0174294575001464       0.34637704800793306     
   5.24002504       1.0150374126977781       0.35244260407882122     
   5.25002527       1.0125438641586801       0.35847291589087116     
   5.26002550       1.0099490612376951       0.36446738041292864     
   5.27002573       1.0072532634151037       0.37042539819856829     
   5.28002596       1.0044567402706761       0.37634637344603822     
   5.29002619       1.0015597714567144       0.38222971405784023     
   5.30002642      0.99856264667008710       0.38807483169993939     
   5.31002665      0.99546566562325967       0.39388114186059775     
   5.32002687      0.99226913801432293       0.39964806390882518     
   5.33002710      0.98897338349602371       0.40537502115244267     
   5.34002733      0.98557873164379917       0.41106144089575153     
   5.35002756      0.98208552192281939       0.41670675449680289     
   5.36002779      0.97849410365404099       0.42231039742426191     
   5.37002802      0.97480483597927492       0.42787180931386093     
   5.38002825      0.97101808782527221       0.43339043402443589     
   5.39002848      0.96713423786683139       0.43886571969354043     
   5.40002871      0.96315367448893119       0.44429711879263217     
   5.41002893      0.95907679574789151       0.44968408818182554     
   5.42002916      0.95490400933156849       0.45502608916420573     
   5.43002939      0.95063573251858513       0.46032258753969846     
   5.44002962      0.94627239213660364       0.46557305365848983     
   5.45002985      0.94181442451964292       0.47077696247399153     
   5.46003008      0.93726227546444485       0.47593379359534532     
   5.47003031      0.93261640018589465       0.48104303133946213     
   5.48003054      0.92787726327149944       0.48610416478259050     
   5.49003077      0.92304533863492966       0.49111668781140871     
   5.50003099      0.91812110946862746       0.49608009917363638     
   5.51003122      0.91310506819548742       0.50099390252815956     
   5.52003145      0.90799771641961469       0.50585760649466471     
   5.53003168      0.90279956487616397       0.51067072470277708     
   5.54003191      0.89751113338026656       0.51543277584069735     
   5.55003214      0.89213295077504839       0.52014328370333307     
   5.56003237      0.88666555487874610       0.52480177723991905     
   5.57003260      0.88110949243092496       0.52940779060112264     
   5.58003283      0.87546531903780500       0.53396086318562819     
   5.59003305      0.86973359911670034       0.53846053968619778     
   5.60003328      0.86391490583957764       0.54290637013520149     
   5.61003351      0.85800982107573864       0.54729790994961436     
   5.62003374      0.85201893533363338       0.55163471997547464     
   5.63003397      0.84594284770180939       0.55591636653179910     
   5.64003420      0.83978216578900278       0.56014242145395132     
   5.65003443      0.83353750566337736       0.56431246213645814     
   5.66003466      0.82720949179091796       0.56842607157526992     
   5.67003489      0.82079875697298355       0.57248283840946124     
   5.68003511      0.81430594228302733       0.57648235696236683     
   5.69003534      0.80773169700248926       0.58042422728214937     
   5.70003557      0.80107667855586817       0.58430805518179463     
   5.71003580      0.79434155244497906       0.58813345227852998     
   5.72003603      0.78752699218240307       0.59190003603266284     
   5.73003626      0.78063367922413596       0.59560742978583481     
   5.74003649      0.77366230290144278       0.59925526279868713     
   5.75003672      0.76661356035192485       0.60284317028793499     
   5.76003695      0.75948815644980561       0.60637079346284550     
   5.77003717      0.75228680373544343       0.60983777956111695     
   5.78003740      0.74501022234407777       0.61324378188415507     
   5.79003763      0.73765913993381516       0.61658845983174293     
   5.80003786      0.73023429161286391       0.61987147893610073     
   5.81003809      0.72273641986602299       0.62309251089533280     
   5.82003832      0.71516627448043368       0.62625123360625756     
   5.83003855      0.70752461247060072       0.62934733119661823     
   5.84003878      0.69981219800269101       0.63238049405666963     
   5.85003901      0.69202980231811695       0.63535041887013932     
   5.86003923      0.68417820365641224       0.63825680864455936     
   5.87003946      0.67625818717740804       0.64109937274096540     
   5.88003969      0.66827054488271687       0.64387782690296047     
   5.89003992      0.66021607553653261       0.64659189328514088     
   5.90004015      0.65209558458575390       0.64924130048088069     
   5.91004038      0.64390988407943961       0.65182578354947218     
   5.92004061      0.63565979258760386       0.65434508404262004     
   5.93004084      0.62734613511935899       0.65679895003028632     
   5.94004107      0.61896974304041474       0.65918713612588331     
   5.95004129      0.61053145398994157       0.66150940351081222     
   5.96004152      0.60203211179680693       0.66376551995834498     
   5.97004175      0.59347256639519219       0.66595525985684700     
   5.98004198      0.58485367373959918       0.66807840423233822     
   5.99004221      0.57617629571925510       0.67013474077039070     
   6.00004244      0.56744130007192328       0.67212406383735990     
   6.01004267      0.55864956029712942       0.67404617450094806     
   6.02004290      0.54980195556881173       0.67590088055009745     
   6.03004313      0.54089937064740357       0.67768799651421152     
   6.04004335      0.53194269579135733       0.67940734368170197     
   6.05004358      0.52293282666811869       0.68105875011785977     
   6.06004381      0.51387066426455963       0.68264205068204875     
   6.07004404      0.50475711479688012       0.68415708704421963     
   6.08004427      0.49559308961998622       0.68560370770074297     
   6.09004450      0.48637950513635470       0.68698176798955979     
   6.10004473      0.47711728270439280       0.68829113010464738     
   6.11004496      0.46780734854630235       0.68953166310980007     
   6.12004519      0.45845063365545757       0.69070324295172303     
   6.13004541      0.44904807370330574       0.69180575247243736     
   6.14004564      0.43960060894580011       0.69283908142099604     
   6.15004587      0.43010918412937427       0.69380312646450881     
   6.16004610      0.42057474839646747       0.69469779119847574     
   6.17004633      0.41099825519061040       0.69552298615642749     
   6.18004656      0.40138066216108087       0.69627862881887204     
   6.19004679      0.39172293106713890       0.69696464362154653     
   6.20004702      0.38202602768185073       0.69758096196297392     
   6.21004725      0.37229092169551159       0.69812752221132279     
   6.22004747      0.36251858661867664       0.69860426971057088     
   6.23004770      0.35270999968480993       0.69901115678597048     
   6.24004793      0.34286614175256103       0.69934814274881596     
   6.25004816      0.33298799720767913       0.69961519390051252     
   6.26004839      0.32307655386457468       0.69981228353594627     
   6.27004862      0.31313280286753764       0.69993939194615462     
   6.28004885      0.30315773859162332       0.69999650642029720     
   6.29004908      0.29315235854321475       0.69998362124692692     
